# Numero de nodos n =16 
# [k],[x_k],[f(x_k)],[P_f(x_k)],[|f(x_k)-P_f(x_k)|] 
0 -0.989 -1 6.385763847 7.385763847
1 -0.978 -1 10.13770181 11.13770181
2 -0.967 -1 11.40736456 12.40736456
3 -0.956 -1 11.06287477 12.06287477
4 -0.945 -1 9.746691515 10.74669151
5 -0.934 -1 7.923358137 8.923358137
6 -0.923 -1 5.918727805 6.918727805
7 -0.912 -1 3.951968934 4.951968934
8 -0.901 -1 2.161481579 3.161481579
9 -0.89 -1 0.6257042052 1.625704205
10 -0.879 -1 -0.6203441285 0.3796558715
11 -0.868 -1 -1.572059764 0.5720597641
12 -0.857 -1 -2.245166711 1.245166711
13 -0.846 -1 -2.668015028 1.668015028
14 -0.835 -1 -2.875815511 1.875815511
15 -0.824 -1 -2.906430976 1.906430976
16 -0.813 -1 -2.797405399 1.797405399
17 -0.802 -1 -2.583965005 1.583965005
18 -0.791 -1 -2.297770977 1.297770977
19 -0.78 -1 -1.966242633 0.9662426331
20 -0.769 -1 -1.612303413 0.6123034131
21 -0.758 -1 -1.25443053 0.25443053
22 -0.747 -1 -0.9069132477 0.09308675232
23 -0.736 -1 -0.5802450326 0.4197549674
24 -0.725 -1 -0.2815917567 0.7184082433
25 -0.714 -1 -0.01529216098 0.984707839
26 -0.703 -1 0.2166416916 1.216641692
27 -0.692 1 0.4140468788 0.5859531212
28 -0.681 1 0.5781703834 0.4218296166
29 -0.67 1 0.711277591 0.288722409
30 -0.659 1 0.8163133231 0.1836866769
31 -0.648 1 0.8966166849 0.1033833151
32 -0.637 1 0.9556884074 0.04431159256
33 -0.626 1 0.9970075159 0.002992484098
34 -0.615 1 1.023892931 0.02389293136
35 -0.604 1 1.039404872 0.03940487187
36 -0.593 1 1.046280574 0.04628057415
37 -0.582 1 1.046898807 0.04689880667
38 -0.571 1 1.043267821 0.04326782079
39 -0.56 1 1.037031723 0.03703172332
40 -0.549 1 1.0294907 0.02949070014
41 -0.538 1 1.021631034 0.02163103391
42 -0.527 1 1.014161406 0.0141614055
43 -0.516 1 1.007552521 0.007552521023
44 -0.505 1 1.002077644 0.002077644413
45 -0.494 1 0.9978521234 0.002147876575
46 -0.483 1 0.9948704637 0.005129536312
47 -0.472 1 0.9930399244 0.006960075648
48 -0.461 1 0.9922099753 0.007790024667
49 -0.45 1 0.992197269 0.007802731036
50 -0.439 1 0.9928060383 0.007193961657
51 -0.428 1 0.9938440429 0.006155957104
52 -0.417 1 0.995134342 0.004865658046
53 -0.406 1 0.9965232935 0.00347670648
54 -0.395 1 0.9978852526 0.002114747421
55 -0.384 1 0.9991244863 0.0008755137168
56 -0.373 1 1.000174837 0.0001748372752
57 -0.362 1 1.000997656 0.0009976562973
58 -0.351 1 1.001578496 0.00157849612
59 -0.34 1 1.001923015 0.001923015182
60 -0.329 1 1.002052486 0.002052485555
61 -0.318 1 1.00199924 0.001999239662
62 -0.307 1 1.001802327 0.001802327084
63 -0.296 1 1.00150359 0.001503589586
64 -0.285 1 1.001144302 0.001144301653
65 -0.274 1 1.000762467 0.000762467333
66 -0.263 1 1.000390813 0.0003908134216
67 -0.252 1 1.000055475 5.547517664E-05
68 -0.241 1 0.9997753344 0.0002246656332
69 -0.23 1 0.9995619409 0.0004380590776
70 -0.219 1 0.9994199287 0.0005800713067
71 -0.208 1 0.9993478226 0.0006521774355
72 -0.197 1 0.9993391279 0.0006608720928
73 -0.186 1 0.9993835933 0.0006164066576
74 -0.175 1 0.9994685432 0.0005314567723
75 -0.164 1 0.9995801862 0.00041981379
76 -0.153 1 0.9997048196 0.0002951803883
77 -0.142 1 0.9998298653 0.0001701346589
78 -0.131 1 0.9999446904 5.530957324E-05
79 -0.12 1 1.000041183 4.118323669E-05
80 -0.109 1 1.000114074 0.0001140740712
81 -0.098 1 1.000161005 0.0001610053385
82 -0.087 1 1.000182371 0.0001823712628
83 -0.076 1 1.00018096 0.0001809595001
84 -0.065 1 1.000161437 0.0001614367271
85 -0.054 1 1.000129727 0.0001297269727
86 -0.043 1 1.000092335 9.233503151E-05
87 -0.032 1 1.000055668 5.566775001E-05
88 -0.021 1 1.000025403 2.540344532E-05
89 -0.01 1 1.000005954 5.954447718E-06
90 0.001 1 1.00000006 6.011412235E-08
91 0.012 1 1.000008538 8.538084588E-06
92 0.023 1 1.000030211 3.021056854E-05
93 0.034 1 1.000062011 6.201060329E-05
94 0.045 1 1.000099261 9.926115412E-05
95 0.056 1 1.000136108 0.000136108192
96 0.067 1 1.000166078 0.0001660781114
97 0.078 1 1.000182721 0.0001827205995
98 0.089 1 1.000180291 0.0001802908116
99 0.1 1 1.00015442 0.0001544199298
100 0.111 1 1.000102721 0.0001027211584
101 0.122 1 1.000025279 2.527923933E-05
102 0.133 1 0.9999249757 7.502429761E-05
103 0.144 1 0.9998076093 0.0001923906663
104 0.155 1 0.9996817815 0.0003182184505
105 0.166 1 0.9995585292 0.0004414707516
106 0.177 1 0.9994507028 0.0005492971757
107 0.188 1 0.9993721038 0.0006278962058
108 0.199 1 0.9993364142 0.0006635857574
109 0.21 1 0.9993559682 0.0006440317754
110 0.221 1 0.9994404325 0.000559567543
111 0.232 1 0.9995954792 0.0004045208006
112 0.243 1 0.9998215471 0.0001784529234
113 0.254 1 1.000112795 0.0001127947671
114 0.265 1 1.000456357 0.0004563570386
115 0.276 1 1.000832011 0.0008320114688
116 0.287 1 1.001212357 0.001212356761
117 0.298 1 1.001563589 0.001563588915
118 0.309 1 1.001846939 0.001846939402
119 0.32 1 1.002020809 0.002020809492
120 0.331 1 1.002043597 0.00204359712
121 0.342 1 1.001877168 0.001877167507
122 0.353 1 1.001490867 0.001490866861
123 0.364 1 1.000865921 0.0008659210933
124 0.375 1 1 1.142086425E-12
125 0.386 1 0.9989116641 0.001088335946
126 0.397 1 0.9976443481 0.00235565188
127 0.408 1 0.9962694771 0.00373052291
128 0.419 1 0.9948882563 0.005111743737
129 0.43 1 0.993631638 0.006368362045
130 0.441 1 0.9926579397 0.007342060274
131 0.452 1 0.9921475836 0.007852416366
132 0.463 1 0.9922944446 0.007705555358
133 0.474 1 0.9932933452 0.006706654815
134 0.485 1 0.9953233168 0.004676683212
135 0.496 1 0.9985263738 0.001473626217
136 0.507 1 1.002981713 0.002981712599
137 0.518 1 1.008675468 0.008675467867
138 0.529 1 1.015466425 0.01546642518
139 0.54 1 1.023048413 0.02304841331
140 0.551 1 1.030910475 0.03091047461
141 0.562 1 1.03829634 0.03829634048
142 0.573 1 1.044165214 0.0441652135
143 0.584 1 1.047156372 0.04715637246
144 0.595 1 1.045560658 0.04556065797
145 0.606 1 1.03730245 0.03730244983
146 0.617 1 1.01993629 0.0199362897
147 0.628 1 0.9906628067 0.009337193327
148 0.639 1 0.9463690332 0.05363096684
149 0.65 1 0.8836985102 0.1163014898
150 0.661 1 0.7991567204 0.2008432796
151 0.672 1 0.6892572909 0.3107427091
152 0.683 1 0.5507139943 0.4492860057
153 0.694 1 0.3806827612 0.6193172388
154 0.705 -1 0.1770565835 1.177056583
155 0.716 -1 -0.06118578141 0.9388142186
156 0.727 -1 -0.333579153 0.666420847
157 0.738 -1 -0.6377248705 0.3622751295
158 0.749 -1 -0.9688077475 0.03119225249
159 0.76 -1 -1.319093665 0.3190936645
160 0.771 -1 -1.677432264 0.6774322643
161 0.782 -1 -2.028798943 1.028798943
162 0.793 -1 -2.353922285 1.353922285
163 0.804 -1 -2.629057607 1.629057607
164 0.815 -1 -2.825984802 1.825984802
165 0.826 -1 -2.912329585 1.912329585
166 0.837 -1 -2.85233215 1.85233215
167 0.848 -1 -2.608216571 1.608216571
168 0.859 -1 -2.142348802 1.142348802
169 0.87 -1 -1.420411376 0.4204113758
170 0.881 -1 -0.4158697543 0.5841302457
171 0.892 -1 0.8839404666 1.883940467
172 0.903 -1 2.469713772 3.469713772
173 0.914 -1 4.299598726 5.299598726
174 0.925 -1 6.285599799 7.285599799
175 0.936 -1 8.276317119 9.276317119
176 0.947 -1 10.03527725 11.03527725
177 0.958 -1 11.21398675 12.21398675
178 0.969 -1 11.31870288 12.31870288
179 0.98 -1 9.66976072 10.66976072
180 0.991 -1 5.352121264 6.352121264


