# Numero de nodos n =4+1
# [k],[x_k],[f(x_k)],[P_f(x_k)],[|f(x_k)-P_f(x_k)|] 
0 -0.989 -1 -0.8991745084 0.1008254916
1 -0.978 -1 -0.801975046 0.198024954
2 -0.967 -1 -0.7083178345 0.2916821655
3 -0.956 -1 -0.6181200323 0.3818799677
4 -0.945 -1 -0.531299735 0.468700265
5 -0.934 -1 -0.4477759753 0.5522240247
6 -0.923 -1 -0.3674687228 0.6325312772
7 -0.912 -1 -0.2902988841 0.7097011159
8 -0.901 -1 -0.2161883029 0.7838116971
9 -0.89 -1 -0.14505976 0.85494024
10 -0.879 -1 -0.07683697302 0.923163027
11 -0.868 -1 -0.01144459674 0.9885554033
12 -0.857 -1 0.05119177706 1.051191777
13 -0.846 -1 0.1111456196 1.11114562
14 -0.835 -1 0.168489465 1.168489465
15 -0.824 -1 0.2232949105 1.22329491
16 -0.813 -1 0.2756326161 1.275632616
17 -0.802 -1 0.325572305 1.325572305
18 -0.791 -1 0.3731827633 1.373182763
19 -0.78 -1 0.41853184 1.41853184
20 -0.769 -1 0.4616864471 1.461686447
21 -0.758 -1 0.5027125597 1.50271256
22 -0.747 -1 0.5416752158 1.541675216
23 -0.736 -1 0.5786385162 1.578638516
24 -0.725 -1 0.613665625 1.613665625
25 -0.714 -1 0.646818769 1.646818769
26 -0.703 -1 0.6781592382 1.678159238
27 -0.692 1 0.7077473853 0.2922526147
28 -0.681 1 0.7356426263 0.2643573737
29 -0.67 1 0.76190344 0.23809656
30 -0.659 1 0.7865873681 0.2134126319
31 -0.648 1 0.8097510154 0.1902489846
32 -0.637 1 0.8314500497 0.1685499503
33 -0.626 1 0.8517392017 0.1482607983
34 -0.615 1 0.870672265 0.129327735
35 -0.604 1 0.8883020964 0.1116979036
36 -0.593 1 0.9046806155 0.09531938454
37 -0.582 1 0.9198588049 0.08014119514
38 -0.571 1 0.9338867102 0.06611328982
39 -0.56 1 0.94681344 0.05318656
40 -0.549 1 0.9586871659 0.04131283414
41 -0.538 1 0.9695551223 0.0304448777
42 -0.527 1 0.9794636068 0.02053639318
43 -0.516 1 0.9884579799 0.0115420201
44 -0.505 1 0.996582665 0.003417335
45 -0.494 1 1.003881149 0.003881148544
46 -0.483 1 1.01039598 0.01039597994
47 -0.472 1 1.016168772 0.01616877158
48 -0.461 1 1.021240199 0.02124019882
49 -0.45 1 1.02565 0.02565
50 -0.439 1 1.029436976 0.02943697642
51 -0.428 1 1.032638992 0.03263899238
52 -0.417 1 1.035292975 0.03529297514
53 -0.406 1 1.037434915 0.03743491494
54 -0.395 1 1.039099865 0.039099865
55 -0.384 1 1.040321942 0.0403219415
56 -0.373 1 1.041134324 0.04113432362
57 -0.362 1 1.041569254 0.0415692535
58 -0.351 1 1.041658036 0.04165803626
59 -0.34 1 1.04143104 0.04143104
60 -0.329 1 1.040917696 0.04091769578
61 -0.318 1 1.040146498 0.04014649766
62 -0.307 1 1.039145003 0.03914500266
63 -0.296 1 1.037939831 0.03793983078
64 -0.285 1 1.036556665 0.036556665
65 -0.274 1 1.035020251 0.03502025126
66 -0.263 1 1.033354399 0.0333543985
67 -0.252 1 1.031581979 0.03158197862
68 -0.241 1 1.029724927 0.0297249265
69 -0.23 1 1.02780424 0.02780424
70 -0.219 1 1.02583998 0.02583997994
71 -0.208 1 1.02385127 0.02385127014
72 -0.197 1 1.021856297 0.02185629738
73 -0.186 1 1.019872311 0.01987231142
74 -0.175 1 1.017915625 0.017915625
75 -0.164 1 1.016001614 0.01600161382
76 -0.153 1 1.014144717 0.01414471658
77 -0.142 1 1.012358435 0.01235843494
78 -0.131 1 1.010655334 0.01065533354
79 -0.12 1 1.00904704 0.00904704
80 -0.109 1 1.007544245 0.007544244904
81 -0.098 1 1.006156702 0.006156701824
82 -0.087 1 1.004893227 0.004893227304
83 -0.076 1 1.003761701 0.003761700864
84 -0.065 1 1.002769065 0.002769065
85 -0.054 1 1.001921325 0.001921325184
86 -0.043 1 1.00122355 0.001223549864
87 -0.032 1 1.00067987 0.000679870464
88 -0.021 1 1.000293481 0.000293481384
89 -0.01 1 1.00006664 6.664E-05
90 0.001 1 1.000000667 6.666639996E-07
91 0.012 1 1.000095945 9.5944704E-05
92 0.023 1 1.00035192 0.000351920424
93 0.034 1 1.000767103 0.000767103104
94 0.045 1 1.001339065 0.001339065
95 0.056 1 1.002064441 0.002064441344
96 0.067 1 1.00293893 0.002938930344
97 0.078 1 1.003957293 0.003957293184
98 0.089 1 1.005113354 0.005113354024
99 0.1 1 1.0064 0.0064
100 0.111 1 1.007809181 0.007809181224
101 0.122 1 1.009331911 0.009331910784
102 0.133 1 1.010958265 0.01095826474
103 0.144 1 1.012677382 0.01267738214
104 0.155 1 1.014477465 0.014477465
105 0.166 1 1.016345778 0.0163457783
106 0.177 1 1.01826865 0.01826865002
107 0.188 1 1.020231471 0.0202314711
108 0.199 1 1.022218695 0.02221869546
109 0.21 1 1.02421384 0.02421384
110 0.221 1 1.026199485 0.02619948458
111 0.232 1 1.028157272 0.02815727206
112 0.243 1 1.030067908 0.03006790826
113 0.254 1 1.031911162 0.03191116198
114 0.265 1 1.033665865 0.033665865
115 0.276 1 1.035309912 0.03530991206
116 0.287 1 1.036820261 0.0368202609
117 0.298 1 1.038172932 0.03817293222
118 0.309 1 1.03934301 0.0393430097
119 0.32 1 1.04030464 0.04030464
120 0.331 1 1.041031033 0.04103103274
121 0.342 1 1.041494461 0.04149446054
122 0.353 1 1.041666259 0.04166625898
123 0.364 1 1.041516827 0.04151682662
124 0.375 1 1.041015625 0.041015625
125 0.386 1 1.040131179 0.04013117862
126 0.397 1 1.038831075 0.03883107498
127 0.408 1 1.037081965 0.03708196454
128 0.419 1 1.034849561 0.03484956074
129 0.43 1 1.03209864 0.03209864
130 0.441 1 1.028793042 0.0287930417
131 0.452 1 1.024895668 0.02489566822
132 0.463 1 1.020368485 0.0203684849
133 0.474 1 1.01517252 0.01517252006
134 0.485 1 1.009267865 0.009267865
135 0.496 1 1.002613674 0.002613673984
136 0.507 1 0.9951681643 0.004831835736
137 0.518 1 0.9868886161 0.01311138394
138 0.529 1 0.9777313726 0.02226862742
139 0.54 1 0.96765184 0.03234816
140 0.551 1 0.9566044875 0.04339551254
141 0.562 1 0.9445428471 0.0554571529
142 0.573 1 0.931419514 0.06858048598
143 0.584 1 0.9171861463 0.0828138537
144 0.595 1 0.901793465 0.098206535
145 0.606 1 0.8851912541 0.1148087459
146 0.617 1 0.8673283607 0.1326716393
147 0.628 1 0.8481526948 0.1518473052
148 0.639 1 0.8276112292 0.1723887708
149 0.65 1 0.80565 0.19435
150 0.661 1 0.782214106 0.217785894
151 0.672 1 0.7572477092 0.2427522908
152 0.683 1 0.7306940343 0.2693059657
153 0.694 1 0.7024953693 0.2975046307
154 0.705 -1 0.672593065 1.672593065
155 0.716 -1 0.6409275351 1.640927535
156 0.727 -1 0.6074382564 1.607438256
157 0.738 -1 0.5720637687 1.572063769
158 0.749 -1 0.5347416747 1.534741675
159 0.76 -1 0.49540864 1.49540864
160 0.771 -1 0.4540003934 1.454000393
161 0.782 -1 0.4104517265 1.410451726
162 0.793 -1 0.3646964939 1.364696494
163 0.804 -1 0.3166676132 1.316667613
164 0.815 -1 0.266297065 1.266297065
165 0.826 -1 0.2135158929 1.213515893
166 0.837 -1 0.1582542033 1.158254203
167 0.848 -1 0.1004411658 1.100441166
168 0.859 -1 0.0400050129 1.040005013
169 0.87 -1 -0.02312696 0.97687304
170 0.881 -1 -0.08902839446 0.9109716055
171 0.892 -1 -0.1577738691 0.8422261309
172 0.903 -1 -0.2294388994 0.7705611006
173 0.914 -1 -0.3040999382 0.6959000618
174 0.925 -1 -0.381834375 0.618165625
175 0.936 -1 -0.4627205366 0.5372794634
176 0.947 -1 -0.5468376866 0.4531623134
177 0.958 -1 -0.6342660259 0.3657339741
178 0.969 -1 -0.7250866921 0.2749133079
179 0.98 -1 -0.81938176 0.18061824
180 0.991 -1 -0.9172342415 0.0827657585


# Numero de nodos n =8 
# [k],[x_k],[f(x_k)],[P_f(x_k)],[|f(x_k)-P_f(x_k)|] 
0 -0.989 -1 -1.504169361 0.5041693606
1 -0.978 -1 -1.914732068 0.9147320679
2 -0.967 -1 -2.241410535 1.241410535
3 -0.956 -1 -2.493212726 1.493212726
4 -0.945 -1 -2.678470403 1.678470403
5 -0.934 -1 -2.804875947 1.804875947
6 -0.923 -1 -2.879517757 1.879517757
7 -0.912 -1 -2.908914288 1.908914288
8 -0.901 -1 -2.899046748 1.899046748
9 -0.89 -1 -2.855390489 1.855390489
10 -0.879 -1 -2.782945127 1.782945127
11 -0.868 -1 -2.68626342 1.68626342
12 -0.857 -1 -2.569478941 1.569478941
13 -0.846 -1 -2.436332573 1.436332573
14 -0.835 -1 -2.290197863 1.290197863
15 -0.824 -1 -2.134105252 1.134105252
16 -0.813 -1 -1.970765236 0.9707652359
17 -0.802 -1 -1.802590459 0.8025904589
18 -0.791 -1 -1.631716793 0.6317167929
19 -0.78 -1 -1.460023417 0.4600234166
20 -0.769 -1 -1.289151932 0.2891519317
21 -0.758 -1 -1.120524541 0.1205245406
22 -0.747 -1 -0.9553613152 0.04463868477
23 -0.736 -1 -0.7946965844 0.2053034156
24 -0.725 -1 -0.6393944669 0.3606055331
25 -0.714 -1 -0.4901635778 0.5098364222
26 -0.703 -1 -0.3475709329 0.6524290671
27 -0.692 1 -0.2120550797 1.21205508
28 -0.681 1 -0.08393847888 1.083938479
29 -0.67 1 0.03656083768 0.9634391623
30 -0.659 1 0.1493183076 0.8506816924
31 -0.648 1 0.2542925528 0.7457074472
32 -0.637 1 0.3515157437 0.6484842563
33 -0.626 1 0.4410845906 0.5589154094
34 -0.615 1 0.5231519367 0.4768480633
35 -0.604 1 0.5979189322 0.4020810678
36 -0.593 1 0.6656277642 0.3343722358
37 -0.582 1 0.7265549229 0.2734450771
38 -0.571 1 0.7810049805 0.2189950195
39 -0.56 1 0.8293048618 0.1706951382
40 -0.549 1 0.8717985862 0.1282014138
41 -0.538 1 0.9088424592 0.0911575408
42 -0.527 1 0.9408006947 0.05919930533
43 -0.516 1 0.9680414467 0.0319585533
44 -0.505 1 0.9909332325 0.009066767476
45 -0.494 1 1.009841727 0.00984172702
46 -0.483 1 1.02512691 0.02512691031
47 -0.472 1 1.03714055 0.03714055014
48 -0.461 1 1.046224001 0.04622400122
49 -0.45 1 1.052706304 0.052706304
50 -0.439 1 1.056902566 0.05690256587
51 -0.428 1 1.059112608 0.05911260807
52 -0.417 1 1.059619862 0.05961986202
53 -0.406 1 1.058690499 0.05869049917
54 -0.395 1 1.056572779 0.05657277889
55 -0.384 1 1.053496599 0.0534965993
56 -0.373 1 1.049673236 0.04967323626
57 -0.362 1 1.045295256 0.04529525628
58 -0.351 1 1.040536589 0.04053658938
59 -0.34 1 1.035552748 0.03555274836
60 -0.329 1 1.030481181 0.03048118137
61 -0.318 1 1.025441745 0.02544174496
62 -0.307 1 1.020537285 0.02053728539
63 -0.296 1 1.015854316 0.0158543161
64 -0.285 1 1.01146378 0.01146377982
65 -0.274 1 1.007421884 0.007421884158
66 -0.263 1 1.003771 0.003770999945
67 -0.252 1 1.000540612 0.0005406117785
68 -0.241 1 0.9977483109 0.002251689054
69 -0.23 1 0.995400821 0.00459917897
70 -0.219 1 0.993495047 0.006504952977
71 -0.208 1 0.9920191391 0.007980860887
72 -0.197 1 0.9909535627 0.009046437254
73 -0.186 1 0.9902721669 0.009727833083
74 -0.175 1 0.9899432431 0.01005675694
75 -0.164 1 0.9899305673 0.01006943269
76 -0.153 1 0.9901944193 0.009805580736
77 -0.142 1 0.9906925708 0.009307429218
78 -0.131 1 0.9913812388 0.00861876116
79 -0.12 1 0.9922159967 0.007784003349
80 -0.109 1 0.9931526379 0.006847362124
81 -0.098 1 0.994147989 0.005852011012
82 -0.087 1 0.9951606653 0.004839334662
83 -0.076 1 0.9961517668 0.003848233204
84 -0.065 1 0.9970855093 0.002914490711
85 -0.054 1 0.9979297889 0.002070211078
86 -0.043 1 0.9986566758 0.001343324238
87 -0.032 1 0.9992428348 0.0007571652287
88 -0.021 1 0.9996698718 0.0003301282437
89 -0.01 1 0.9999246026 7.539739591E-05
90 0.001 1 0.9999992445 7.555397329E-07
91 0.012 1 0.9998915279 0.0001084720972
92 0.023 1 0.9996047296 0.0003952704426
93 0.034 1 0.999147625 0.0008523750062
94 0.045 1 0.9985343621 0.001465637866
95 0.056 1 0.9977842558 0.002215744199
96 0.067 1 0.9969215044 0.003078495578
97 0.078 1 0.9959748303 0.004025169694
98 0.089 1 0.9949770453 0.005022954702
99 0.1 1 0.993964544 0.006035456
100 0.111 1 0.9929767272 0.007023272828
101 0.122 1 0.9920553583 0.007944641721
102 0.133 1 0.9912438566 0.008756143427
103 0.144 1 0.9905865305 0.009413469519
104 0.155 1 0.9901277555 0.009872244536
105 0.166 1 0.9899111009 0.01008889909
106 0.177 1 0.989978411 0.01002158901
107 0.188 1 0.9903688449 0.009631155098
108 0.199 1 0.9911178821 0.008882117904
109 0.21 1 0.9922562988 0.007743701225
110 0.221 1 0.9938091221 0.006190877913
111 0.232 1 0.995794569 0.004205431024
112 0.243 1 0.998222977 0.001777023013
113 0.254 1 1.001095735 0.00109573474
114 0.265 1 1.00440422 0.00440422017
115 0.276 1 1.008128755 0.00812875502
116 0.287 1 1.012237584 0.01223758448
117 0.298 1 1.016685891 0.01668589127
118 0.309 1 1.021414854 0.02141485376
119 0.32 1 1.026350758 0.02635075833
120 0.331 1 1.031404176 0.03140417632
121 0.342 1 1.036469216 0.03646921639
122 0.353 1 1.041422864 0.04142286376
123 0.364 1 1.046124418 0.04612441762
124 0.375 1 1.050415039 0.05041503906
125 0.386 1 1.054117422 0.05411742183
126 0.397 1 1.057035599 0.05703559861
127 0.408 1 1.058954896 0.0589548963
128 0.419 1 1.059642054 0.05964205364
129 0.43 1 1.058845515 0.05884551535
130 0.441 1 1.056295917 0.05629591712
131 0.452 1 1.051706776 0.05170677622
132 0.463 1 1.044775403 0.0447754029
133 0.474 1 1.035184048 0.03518404829
134 0.485 1 1.022601305 0.02260130453
135 0.496 1 1.006683774 0.00668377366
136 0.507 1 0.987078022 0.01292197795
137 0.518 1 0.9634228373 0.03657716267
138 0.529 1 0.9353518056 0.06464819443
139 0.54 1 0.9024962265 0.0975037735
140 0.551 1 0.8644883852 0.1355116148
141 0.562 1 0.8209651987 0.1790348013
142 0.573 1 0.7715722575 0.2284277425
143 0.584 1 0.7159682796 0.2840317204
144 0.595 1 0.6538299998 0.3461700002
145 0.606 1 0.5848575114 0.4151424886
146 0.617 1 0.5087800836 0.4912199164
147 0.628 1 0.4253624744 0.5746375256
148 0.639 1 0.3344117599 0.6655882401
149 0.65 1 0.235784704 0.764215296
150 0.661 1 0.1293956884 0.8706043116
151 0.672 1 0.01522522691 0.9847747731
152 0.683 1 -0.1066709133 1.106670913
153 0.694 1 -0.2361519599 1.23615196
154 0.705 -1 -0.3729817293 0.6270182707
155 0.716 -1 -0.516817542 0.483182458
156 0.727 -1 -0.6671984353 0.3328015647
157 0.738 -1 -0.823532647 0.176467353
158 0.749 -1 -0.985084346 0.01491565401
159 0.76 -1 -1.150959584 0.150959584
160 0.771 -1 -1.320091441 0.3200914407
161 0.782 -1 -1.491224337 0.4912243374
162 0.793 -1 -1.662897492 0.6628974919
163 0.804 -1 -1.833427486 0.8334274858
164 0.815 -1 -2.000889919 1.000889919
165 0.826 -1 -2.163100118 1.163100118
166 0.837 -1 -2.317592883 1.317592883
167 0.848 -1 -2.461601221 1.461601221
168 0.859 -1 -2.592034058 1.592034058
169 0.87 -1 -2.705452898 1.705452898
170 0.881 -1 -2.798047376 1.798047376
171 0.892 -1 -2.865609708 1.865609708
172 0.903 -1 -2.903507983 1.903507983
173 0.914 -1 -2.906658273 1.906658273
174 0.925 -1 -2.869495527 1.869495527
175 0.936 -1 -2.78594323 1.78594323
176 0.947 -1 -2.649381771 1.649381771
177 0.958 -1 -2.452615506 1.452615506
178 0.969 -1 -2.187838481 1.187838481
179 0.98 -1 -1.846598763 0.8465987632
180 0.991 -1 -1.41976138 0.4197613798


# Numero de nodos n =16 
# [k],[x_k],[f(x_k)],[P_f(x_k)],[|f(x_k)-P_f(x_k)|] 
0 -0.989 -1 6.385763847 7.385763847
1 -0.978 -1 10.13770181 11.13770181
2 -0.967 -1 11.40736456 12.40736456
3 -0.956 -1 11.06287477 12.06287477
4 -0.945 -1 9.746691515 10.74669151
5 -0.934 -1 7.923358137 8.923358137
6 -0.923 -1 5.918727805 6.918727805
7 -0.912 -1 3.951968934 4.951968934
8 -0.901 -1 2.161481579 3.161481579
9 -0.89 -1 0.6257042052 1.625704205
10 -0.879 -1 -0.6203441285 0.3796558715
11 -0.868 -1 -1.572059764 0.5720597641
12 -0.857 -1 -2.245166711 1.245166711
13 -0.846 -1 -2.668015028 1.668015028
14 -0.835 -1 -2.875815511 1.875815511
15 -0.824 -1 -2.906430976 1.906430976
16 -0.813 -1 -2.797405399 1.797405399
17 -0.802 -1 -2.583965005 1.583965005
18 -0.791 -1 -2.297770977 1.297770977
19 -0.78 -1 -1.966242633 0.9662426331
20 -0.769 -1 -1.612303413 0.6123034131
21 -0.758 -1 -1.25443053 0.25443053
22 -0.747 -1 -0.9069132477 0.09308675232
23 -0.736 -1 -0.5802450326 0.4197549674
24 -0.725 -1 -0.2815917567 0.7184082433
25 -0.714 -1 -0.01529216098 0.984707839
26 -0.703 -1 0.2166416916 1.216641692
27 -0.692 1 0.4140468788 0.5859531212
28 -0.681 1 0.5781703834 0.4218296166
29 -0.67 1 0.711277591 0.288722409
30 -0.659 1 0.8163133231 0.1836866769
31 -0.648 1 0.8966166849 0.1033833151
32 -0.637 1 0.9556884074 0.04431159256
33 -0.626 1 0.9970075159 0.002992484098
34 -0.615 1 1.023892931 0.02389293136
35 -0.604 1 1.039404872 0.03940487187
36 -0.593 1 1.046280574 0.04628057415
37 -0.582 1 1.046898807 0.04689880667
38 -0.571 1 1.043267821 0.04326782079
39 -0.56 1 1.037031723 0.03703172332
40 -0.549 1 1.0294907 0.02949070014
41 -0.538 1 1.021631034 0.02163103391
42 -0.527 1 1.014161406 0.0141614055
43 -0.516 1 1.007552521 0.007552521023
44 -0.505 1 1.002077644 0.002077644413
45 -0.494 1 0.9978521234 0.002147876575
46 -0.483 1 0.9948704637 0.005129536312
47 -0.472 1 0.9930399244 0.006960075648
48 -0.461 1 0.9922099753 0.007790024667
49 -0.45 1 0.992197269 0.007802731036
50 -0.439 1 0.9928060383 0.007193961657
51 -0.428 1 0.9938440429 0.006155957104
52 -0.417 1 0.995134342 0.004865658046
53 -0.406 1 0.9965232935 0.00347670648
54 -0.395 1 0.9978852526 0.002114747421
55 -0.384 1 0.9991244863 0.0008755137168
56 -0.373 1 1.000174837 0.0001748372752
57 -0.362 1 1.000997656 0.0009976562973
58 -0.351 1 1.001578496 0.00157849612
59 -0.34 1 1.001923015 0.001923015182
60 -0.329 1 1.002052486 0.002052485555
61 -0.318 1 1.00199924 0.001999239662
62 -0.307 1 1.001802327 0.001802327084
63 -0.296 1 1.00150359 0.001503589586
64 -0.285 1 1.001144302 0.001144301653
65 -0.274 1 1.000762467 0.000762467333
66 -0.263 1 1.000390813 0.0003908134216
67 -0.252 1 1.000055475 5.547517664E-05
68 -0.241 1 0.9997753344 0.0002246656332
69 -0.23 1 0.9995619409 0.0004380590776
70 -0.219 1 0.9994199287 0.0005800713067
71 -0.208 1 0.9993478226 0.0006521774355
72 -0.197 1 0.9993391279 0.0006608720928
73 -0.186 1 0.9993835933 0.0006164066576
74 -0.175 1 0.9994685432 0.0005314567723
75 -0.164 1 0.9995801862 0.00041981379
76 -0.153 1 0.9997048196 0.0002951803883
77 -0.142 1 0.9998298653 0.0001701346589
78 -0.131 1 0.9999446904 5.530957324E-05
79 -0.12 1 1.000041183 4.118323669E-05
80 -0.109 1 1.000114074 0.0001140740712
81 -0.098 1 1.000161005 0.0001610053385
82 -0.087 1 1.000182371 0.0001823712628
83 -0.076 1 1.00018096 0.0001809595001
84 -0.065 1 1.000161437 0.0001614367271
85 -0.054 1 1.000129727 0.0001297269727
86 -0.043 1 1.000092335 9.233503151E-05
87 -0.032 1 1.000055668 5.566775001E-05
88 -0.021 1 1.000025403 2.540344532E-05
89 -0.01 1 1.000005954 5.954447718E-06
90 0.001 1 1.00000006 6.011412235E-08
91 0.012 1 1.000008538 8.538084588E-06
92 0.023 1 1.000030211 3.021056854E-05
93 0.034 1 1.000062011 6.201060329E-05
94 0.045 1 1.000099261 9.926115412E-05
95 0.056 1 1.000136108 0.000136108192
96 0.067 1 1.000166078 0.0001660781114
97 0.078 1 1.000182721 0.0001827205995
98 0.089 1 1.000180291 0.0001802908116
99 0.1 1 1.00015442 0.0001544199298
100 0.111 1 1.000102721 0.0001027211584
101 0.122 1 1.000025279 2.527923933E-05
102 0.133 1 0.9999249757 7.502429761E-05
103 0.144 1 0.9998076093 0.0001923906663
104 0.155 1 0.9996817815 0.0003182184505
105 0.166 1 0.9995585292 0.0004414707516
106 0.177 1 0.9994507028 0.0005492971757
107 0.188 1 0.9993721038 0.0006278962058
108 0.199 1 0.9993364142 0.0006635857574
109 0.21 1 0.9993559682 0.0006440317754
110 0.221 1 0.9994404325 0.000559567543
111 0.232 1 0.9995954792 0.0004045208006
112 0.243 1 0.9998215471 0.0001784529234
113 0.254 1 1.000112795 0.0001127947671
114 0.265 1 1.000456357 0.0004563570386
115 0.276 1 1.000832011 0.0008320114688
116 0.287 1 1.001212357 0.001212356761
117 0.298 1 1.001563589 0.001563588915
118 0.309 1 1.001846939 0.001846939402
119 0.32 1 1.002020809 0.002020809492
120 0.331 1 1.002043597 0.00204359712
121 0.342 1 1.001877168 0.001877167507
122 0.353 1 1.001490867 0.001490866861
123 0.364 1 1.000865921 0.0008659210933
124 0.375 1 1 1.142086425E-12
125 0.386 1 0.9989116641 0.001088335946
126 0.397 1 0.9976443481 0.00235565188
127 0.408 1 0.9962694771 0.00373052291
128 0.419 1 0.9948882563 0.005111743737
129 0.43 1 0.993631638 0.006368362045
130 0.441 1 0.9926579397 0.007342060274
131 0.452 1 0.9921475836 0.007852416366
132 0.463 1 0.9922944446 0.007705555358
133 0.474 1 0.9932933452 0.006706654815
134 0.485 1 0.9953233168 0.004676683212
135 0.496 1 0.9985263738 0.001473626217
136 0.507 1 1.002981713 0.002981712599
137 0.518 1 1.008675468 0.008675467867
138 0.529 1 1.015466425 0.01546642518
139 0.54 1 1.023048413 0.02304841331
140 0.551 1 1.030910475 0.03091047461
141 0.562 1 1.03829634 0.03829634048
142 0.573 1 1.044165214 0.0441652135
143 0.584 1 1.047156372 0.04715637246
144 0.595 1 1.045560658 0.04556065797
145 0.606 1 1.03730245 0.03730244983
146 0.617 1 1.01993629 0.0199362897
147 0.628 1 0.9906628067 0.009337193327
148 0.639 1 0.9463690332 0.05363096684
149 0.65 1 0.8836985102 0.1163014898
150 0.661 1 0.7991567204 0.2008432796
151 0.672 1 0.6892572909 0.3107427091
152 0.683 1 0.5507139943 0.4492860057
153 0.694 1 0.3806827612 0.6193172388
154 0.705 -1 0.1770565835 1.177056583
155 0.716 -1 -0.06118578141 0.9388142186
156 0.727 -1 -0.333579153 0.666420847
157 0.738 -1 -0.6377248705 0.3622751295
158 0.749 -1 -0.9688077475 0.03119225249
159 0.76 -1 -1.319093665 0.3190936645
160 0.771 -1 -1.677432264 0.6774322643
161 0.782 -1 -2.028798943 1.028798943
162 0.793 -1 -2.353922285 1.353922285
163 0.804 -1 -2.629057607 1.629057607
164 0.815 -1 -2.825984802 1.825984802
165 0.826 -1 -2.912329585 1.912329585
166 0.837 -1 -2.85233215 1.85233215
167 0.848 -1 -2.608216571 1.608216571
168 0.859 -1 -2.142348802 1.142348802
169 0.87 -1 -1.420411376 0.4204113758
170 0.881 -1 -0.4158697543 0.5841302457
171 0.892 -1 0.8839404666 1.883940467
172 0.903 -1 2.469713772 3.469713772
173 0.914 -1 4.299598726 5.299598726
174 0.925 -1 6.285599799 7.285599799
175 0.936 -1 8.276317119 9.276317119
176 0.947 -1 10.03527725 11.03527725
177 0.958 -1 11.21398675 12.21398675
178 0.969 -1 11.31870288 12.31870288
179 0.98 -1 9.66976072 10.66976072
180 0.991 -1 5.352121264 6.352121264


# Numero de nodos n =32 
# [k],[x_k],[f(x_k)],[P_f(x_k)],[|f(x_k)-P_f(x_k)|] 
0 -0.989 -1 1511.613302 1512.613302
1 -0.978 -1 1399.517302 1400.517302
2 -0.967 -1 879.5405539 880.5405539
3 -0.956 -1 411.5154884 412.5154884
4 -0.945 -1 112.4164115 113.4164115
5 -0.934 -1 -34.10617217 33.10617217
6 -0.923 -1 -80.15894461 79.15894461
7 -0.912 -1 -74.15192152 73.15192152
8 -0.901 -1 -49.28638496 48.28638496
9 -0.89 -1 -23.88540809 22.88540809
10 -0.879 -1 -5.548452368 4.548452368
11 -0.868 -1 4.448570633 5.448570633
12 -0.857 -1 7.791358784 8.791358784
13 -0.846 -1 7.006588522 8.006588522
14 -0.835 -1 4.357462859 5.357462859
15 -0.824 -1 1.425623317 2.425623317
16 -0.813 -1 -0.9145469998 0.08545300016
17 -0.802 -1 -2.342458312 1.342458312
18 -0.791 -1 -2.891287476 1.891287476
19 -0.78 -1 -2.770759012 1.770759012
20 -0.769 -1 -2.239533188 1.239533188
21 -0.758 -1 -1.529199948 0.5291999484
22 -0.747 -1 -0.8100307277 0.1899692723
23 -0.736 -1 -0.1850679523 0.8149320477
24 -0.725 -1 0.2998847237 1.299884724
25 -0.714 -1 0.6398567347 1.639856735
26 -0.703 -1 0.8540431586 1.854043159
27 -0.692 1 0.9721488747 0.02785112528
28 -0.681 1 1.024909053 0.02490905275
29 -0.67 1 1.038629815 0.03862981457
30 -0.659 1 1.032923496 0.03292349648
31 -0.648 1 1.020607106 0.02060710566
32 -0.637 1 1.008809459 0.008809459087
33 -0.626 1 1.000546702 0.0005467019948
34 -0.615 1 0.9962758418 0.003724158155
35 -0.604 1 0.9951607878 0.00483921224
36 -0.593 1 0.9959566026 0.00404339737
37 -0.582 1 0.9975290282 0.00247097181
38 -0.571 1 0.9990848428 0.0009151571631
39 -0.56 1 1.000207355 0.0002073545335
40 -0.549 1 1.000784556 0.0007845561001
41 -0.538 1 1.000897626 0.0008976262456
42 -0.527 1 1.00071386 0.0007138601434
43 -0.516 1 1.000406698 0.0004066984244
44 -0.505 1 1.000109287 0.0001092870236
45 -0.494 1 0.999897727 0.0001022730278
46 -0.483 1 0.9997952349 0.0002047650626
47 -0.472 1 0.9997874931 0.0002125069052
48 -0.461 1 0.9998410028 0.0001589971697
49 -0.45 1 0.9999189185 8.108153843E-05
50 -0.439 1 0.9999916143 8.385654856E-06
51 -0.428 1 1.00004151 4.150950994E-05
52 -0.417 1 1.000063165 6.316486429E-05
53 -0.406 1 1.000060368 6.036813705E-05
54 -0.395 1 1.000041983 4.198302821E-05
55 -0.384 1 1.000017985 1.798547934E-05
56 -0.373 1 0.9999965673 3.432706838E-06
57 -0.362 1 0.9999826386 1.736140016E-05
58 -0.351 1 0.9999776256 2.237444581E-05
59 -0.34 1 0.9999801933 1.980668638E-05
60 -0.329 1 0.999987428 1.257196748E-05
61 -0.318 1 0.9999960513 3.948738545E-06
62 -0.307 1 1.000003364 3.363673517E-06
63 -0.296 1 1.00000777 7.769714891E-06
64 -0.285 1 1.000008877 8.877027878E-06
65 -0.274 1 1.000007267 7.26671557E-06
66 -0.263 1 1.000004082 4.081718906E-06
67 -0.252 1 1.000000583 5.834105146E-07
68 -0.241 1 0.9999977941 2.205908323E-06
69 -0.23 1 0.9999962918 3.708239065E-06
70 -0.219 1 0.9999961694 3.830589419E-06
71 -0.208 1 0.9999971289 2.871090518E-06
72 -0.197 1 0.9999986529 1.347051067E-06
73 -0.186 1 1.000000194 1.935356961E-07
74 -0.175 1 1.000001325 1.325019054E-06
75 -0.164 1 1.00000183 1.830453251E-06
76 -0.153 1 1.000001713 1.713401716E-06
77 -0.142 1 1.000001148 1.148473982E-06
78 -0.131 1 1.000000396 3.959056514E-07
79 -0.12 1 0.9999997106 2.893597848E-07
80 -0.109 1 0.9999992714 7.286354275E-07
81 -0.098 1 0.9999991457 8.542678873E-07
82 -0.087 1 0.9999992937 7.063274823E-07
83 -0.076 1 0.9999996019 3.981011832E-07
84 -0.065 1 0.9999999339 6.60815197E-08
85 -0.054 1 1.000000178 1.777084706E-07
86 -0.043 1 1.000000278 2.78408756E-07
87 -0.032 1 1.000000246 2.457489363E-07
88 -0.021 1 1.000000139 1.391777771E-07
89 -0.01 1 1.000000036 3.64802859E-08
90 0.001 1 1.000000001 6.713412048E-10
91 0.012 1 1.000000051 5.138095571E-08
92 0.023 1 1.000000161 1.60645065E-07
93 0.034 1 1.000000259 2.592201171E-07
94 0.045 1 1.000000272 2.717183012E-07
95 0.056 1 1.000000144 1.435645356E-07
96 0.067 1 0.9999998766 1.23384209E-07
97 0.078 1 0.999999541 4.589830281E-07
98 0.089 1 0.9999992511 7.489233732E-07
99 0.1 1 0.9999991462 8.537544717E-07
100 0.111 1 0.9999993281 6.719490714E-07
101 0.122 1 0.9999998215 1.784743687E-07
102 0.133 1 1.000000535 5.351475107E-07
103 0.144 1 1.000001274 1.274065301E-06
104 0.155 1 1.000001772 1.772341785E-06
105 0.166 1 1.00000179 1.790388479E-06
106 0.177 1 1.000001162 1.162214043E-06
107 0.188 1 0.999999931 6.899916305E-08
108 0.199 1 0.9999983592 1.640756027E-06
109 0.21 1 0.9999968956 3.104394625E-06
110 0.221 1 0.9999961051 3.894879927E-06
111 0.232 1 0.9999964759 3.524109139E-06
112 0.243 1 0.9999982182 1.781817333E-06
113 0.254 1 1.0000012 1.200253368E-06
114 0.265 1 1.000004728 4.728113828E-06
115 0.276 1 1.000007723 7.723326508E-06
116 0.287 1 1.000008887 8.886631884E-06
117 0.298 1 1.000007224 7.223837509E-06
118 0.309 1 1.000002267 2.267198157E-06
119 0.32 1 0.9999945338 5.466155009E-06
120 0.331 1 0.9999859494 1.40505933E-05
121 0.342 1 0.9999792891 2.071085579E-05
122 0.353 1 0.9999779466 2.205337139E-05
123 0.364 1 0.9999845617 1.54383445E-05
124 0.375 1 0.9999999777 2.233656404E-08
125 0.386 1 1.000022459 2.245878845E-05
126 0.397 1 1.00004617 4.616994688E-05
127 0.408 1 1.000062319 6.231898674E-05
128 0.419 1 1.000061412 6.141236308E-05
129 0.43 1 1.000034735 3.47346351E-05
130 0.441 1 0.9999800403 1.995970663E-05
131 0.452 1 0.999904461 9.553898682E-05
132 0.463 1 0.9998286213 0.0001713787467
133 0.474 1 0.9997838906 0.0002161094383
134 0.485 1 0.9998063743 0.0001936257245
135 0.496 1 0.9999285088 7.149120762E-05
136 0.507 1 1.000158765 0.0001587648602
137 0.518 1 1.000465372 0.0004653721282
138 0.529 1 1.000761658 0.0007616577069
139 0.54 1 1.000904723 0.0009047232447
140 0.551 1 1.000718676 0.0007186761366
141 0.562 1 1.000044002 4.400163265E-05
142 0.573 1 0.9988278564 0.001172143578
143 0.584 1 0.997227615 0.002772385005
144 0.595 1 0.9957272341 0.004272765921
145 0.606 1 0.9951867974 0.004813202573
146 0.617 1 0.9967853462 0.003214653772
147 0.628 1 1.001742866 0.001742866427
148 0.639 1 1.010739656 0.01073965639
149 0.65 1 1.022956299 0.02295629922
150 0.661 1 1.034748148 0.03474814807
151 0.672 1 1.038065371 0.03806537113
152 0.683 1 1.01891746 0.01891746043
153 0.694 1 0.9563983748 0.04360162518
154 0.705 -1 0.8231760631 1.823176063
155 0.716 -1 0.5881725976 1.588172598
156 0.727 -1 0.222761909 1.222761909
157 0.738 -1 -0.2889708562 0.7110291438
158 0.749 -1 -0.9359412865 0.06405871349
159 0.76 -1 -1.663086753 0.6630867527
160 0.771 -1 -2.355496782 1.355496782
161 0.782 -1 -2.830731404 1.830731404
162 0.793 -1 -2.848664656 1.848664656
163 0.804 -1 -2.152427703 1.152427703
164 0.815 -1 -0.5533607109 0.4466392891
165 0.826 -1 1.931767727 2.931767727
166 0.837 -1 4.896584635 5.896584635
167 0.848 -1 7.346238514 8.346238514
168 0.859 -1 7.565269334 8.565269334
169 0.87 -1 3.195632605 4.195632605
170 0.881 -1 -8.244003935 7.244003935
171 0.892 -1 -28.09327217 27.09327217
172 0.903 -1 -54.21362249 53.21362249
173 0.914 -1 -77.40230674 76.40230674
174 0.925 -1 -76.89439858 75.89439858
175 0.936 -1 -16.54194509 15.54194509
176 0.947 -1 154.1355389 155.1355389
177 0.958 -1 484.8730323 485.8730323
178 0.969 -1 977.4238485 978.4238485
179 0.98 -1 1472.538357 1473.538357
180 0.991 -1 1411.567387 1412.567387


