# Numero de nodos n =4+1 
# [k],[x_k],[f(x_k)],[P_f(x_k)],[|f(x_k)-P_f(x_k)|] 
0 -0.989 0.03928806105 0.1621658903 0.1228778292
1 -0.978 0.04014113624 0.1238596052 0.08371846897
2 -0.967 0.04102189646 0.08851037605 0.04748847959
3 -0.956 0.04193153419 0.05603288134 0.01410134715
4 -0.945 0.0428713057 0.02634276469 0.01652854101
5 -0.934 0.04384253515 -0.0006433651854 0.04448590034
6 -0.923 0.04484661896 -0.02500793452 0.06985455348
7 -0.912 0.04588503047 -0.04683240446 0.09271743493
8 -0.901 0.04695932501 -0.06619727108 0.1131565961
9 -0.89 0.0480711453 -0.08318206537 0.1312532107
10 -0.879 0.04922222728 -0.09786535325 0.1470875805
11 -0.868 0.05041440642 -0.1103247356 0.160739142
12 -0.857 0.05164962444 -0.1206368481 0.1722864726
13 -0.846 0.05292993664 -0.1288773616 0.1818072982
14 -0.835 0.05425751975 -0.1351209815 0.1893785013
15 -0.824 0.05563468043 -0.1394414486 0.195076129
16 -0.813 0.05706386445 -0.1419115381 0.1989754026
17 -0.802 0.05854766658 -0.1426030607 0.2011507272
18 -0.791 0.06008884135 -0.1415868614 0.2016757028
19 -0.78 0.06169031462 -0.1389328207 0.2006231353
20 -0.769 0.06335519616 -0.1347098536 0.1980650497
21 -0.758 0.06508679324 -0.1289859102 0.1940727034
22 -0.747 0.06688862542 -0.1218279756 0.188716601
23 -0.736 0.06876444053 -0.1133020697 0.1820665102
24 -0.725 0.07071823204 -0.1034732474 0.1741914794
25 -0.714 0.07275425794 -0.09240559842 0.1651598564
26 -0.703 0.07487706123 -0.08016224751 0.1550393087
27 -0.692 0.07709149218 -0.06680535431 0.1438968465
28 -0.681 0.07940273265 -0.05239611337 0.131798846
29 -0.67 0.08181632236 -0.03699475419 0.1188110765
30 -0.659 0.0843381877 -0.02066054117 0.1049987289
31 -0.648 0.08697467298 -0.003451773645 0.09042644662
32 -0.637 0.08973257449 0.01457421412 0.07515836038
33 -0.626 0.09261917773 0.03336105294 0.05925812479
34 -0.615 0.09564229781 0.05285333871 0.04278895909
35 -0.604 0.0988103237 0.0729966324 0.0258136913
36 -0.593 0.1021322664 0.09373746004 0.00839480635
37 -0.582 0.1056178114 0.1150233128 0.009405501373
38 -0.571 0.109277376 0.1368026467 0.02752527072
39 -0.56 0.1131221719 0.1590248833 0.04590271133
40 -0.549 0.1171642731 0.1816404087 0.06447613558
41 -0.538 0.1214166899 0.2046005744 0.08318388445
42 -0.527 0.1258934501 0.2278576969 0.1019642468
43 -0.516 0.130609686 0.2513650578 0.1207553718
44 -0.505 0.1355817304 0.2750769037 0.1394951733
45 -0.494 0.1408272191 0.2989484463 0.1581212272
46 -0.483 0.1463652031 0.3229358625 0.1765706593
47 -0.472 0.1522162689 0.346996294 0.1947800252
48 -0.461 0.1584026675 0.371087848 0.2126851805
49 -0.45 0.1649484536 0.3951695963 0.2302211427
50 -0.439 0.1718796327 0.4192015761 0.2473219434
51 -0.428 0.1792243172 0.4431447895 0.2639204723
52 -0.417 0.1870128899 0.4669612038 0.279948314
53 -0.406 0.1952781738 0.4906137514 0.2953355777
54 -0.395 0.2040556052 0.5140663296 0.3100107245
55 -0.384 0.2133834073 0.537283801 0.3239003937
56 -0.373 0.2233027595 0.560231993 0.3369292335
57 -0.362 0.2338579547 0.5828776983 0.3490197436
58 -0.351 0.2450965374 0.6051886745 0.3600921371
59 -0.34 0.2570694087 0.6271336446 0.3700642359
60 -0.329 0.2698308835 0.6486822963 0.3788514128
61 -0.318 0.283438678 0.6698052825 0.3863666045
62 -0.307 0.2979538023 0.6904742214 0.3925204191
63 -0.296 0.313440321 0.7106616958 0.3972213749
64 -0.285 0.3299649412 0.7303412541 0.4003763129
65 -0.274 0.3475963711 0.7494874094 0.4018910383
66 -0.263 0.3664043822 0.7680756401 0.4016712579
67 -0.252 0.3864584944 0.7860823895 0.3996238951
68 -0.241 0.4078261845 0.8034850661 0.3956588816
69 -0.23 0.4305705059 0.8202620434 0.3896915375
70 -0.219 0.4547469901 0.83639266 0.3816456699
71 -0.208 0.4803996925 0.8518572197 0.3714575272
72 -0.197 0.5075562436 0.8666369912 0.3590807476
73 -0.186 0.5362217813 0.8807142082 0.3444924269
74 -0.175 0.5663716814 0.8940720698 0.3277003884
75 -0.164 0.5979430758 0.90669474 0.3087516641
76 -0.153 0.6308252772 0.9185673477 0.2877420705
77 -0.142 0.6648494116 0.9296759871 0.2648265755
78 -0.131 0.6997778205 0.9400077174 0.2402298969
79 -0.12 0.7352941176 0.949550563 0.2142564454
80 -0.109 0.770995162 0.9582935132 0.1872983512
81 -0.098 0.8063865817 0.9662265224 0.1598399407
82 -0.087 0.8408837688 0.9733405102 0.1324567414
83 -0.076 0.8738203425 0.9796273611 0.1058070186
84 -0.065 0.9044657999 0.9850799248 0.08061412493
85 -0.054 0.9320533134 0.9896920161 0.05763870263
86 -0.043 0.9558173433 0.9934584147 0.03764107142
87 -0.032 0.9750390016 0.9963748656 0.02133586407
88 -0.021 0.9890952251 0.9984380788 0.00934285363
89 -0.01 0.9975062344 0.9996457292 0.002139494781
90 0.001 0.9999750006 0.999996457 2.145639507E-05
91 0.012 0.9964129135 0.9994898674 0.003076953932
92 0.023 0.9869476178 0.9981265307 0.01117891298
93 0.034 0.9719117504 0.9959079822 0.02399623183
94 0.045 0.9518143962 0.9928367224 0.0410223262
95 0.056 0.9272997033 0.9889162167 0.06161651342
96 0.067 0.8990986536 0.9841508957 0.08505224209
97 0.078 0.8679802101 0.9785461551 0.110565945
98 0.089 0.8347071221 0.9721083555 0.1374012334
99 0.1 0.8 0.9648448229 0.1648448229
100 0.111 0.7645113817 0.956763848 0.1922524663
101 0.122 0.7288098535 0.9478746868 0.2190648333
102 0.133 0.6933730867 0.9381875603 0.2448144736
103 0.144 0.6585879874 0.9277136548 0.2691256674
104 0.155 0.6247559547 0.9164651212 0.2917091665
105 0.166 0.5921013678 0.9044550759 0.3123537081
106 0.177 0.5607817297 0.8916976002 0.3309158705
107 0.188 0.5308982799 0.8782077406 0.3473094607
108 0.199 0.5025062499 0.8640015084 0.3614952585
109 0.21 0.4756242568 0.8490958803 0.3734716234
110 0.221 0.4502425682 0.8335087978 0.3832662296
111 0.232 0.4263301501 0.8172591677 0.3909290177
112 0.243 0.4038405234 0.8003668619 0.3965263385
113 0.254 0.3827165219 0.782852717 0.4001361951
114 0.265 0.3628940803 0.7647385351 0.4018444548
115 0.276 0.3443051921 0.7460470832 0.401741891
116 0.287 0.3268801739 0.7268020933 0.3999219194
117 0.298 0.3105493618 0.7070282626 0.3964789008
118 0.309 0.2952443516 0.6867512534 0.3915069018
119 0.32 0.2808988764 0.6659976929 0.3850988165
120 0.331 0.2674494019 0.6447951736 0.3773457717
121 0.342 0.2548355037 0.6231722529 0.3683367493
122 0.353 0.243000079 0.6011584534 0.3581583744
123 0.364 0.2318894351 0.5787842626 0.3468948275
124 0.375 0.2214532872 0.5560811333 0.3346278461
125 0.386 0.2116446909 0.5330814832 0.3214367923
126 0.397 0.2024199303 0.5098186951 0.3073987648
127 0.408 0.1937383757 0.486327117 0.2925887413
128 0.419 0.1855623234 0.4626420619 0.2770797384
129 0.43 0.1778568253 0.4387998077 0.2609429825
130 0.441 0.1705895147 0.4148375978 0.2442480831
131 0.452 0.1637304342 0.3907936403 0.227063206
132 0.463 0.1572518664 0.3667071084 0.209455242
133 0.474 0.1511281718 0.3426181406 0.1914899688
134 0.485 0.1453356345 0.3185678402 0.1732322057
135 0.496 0.139852316 0.2945982759 0.1547459599
136 0.507 0.1346579184 0.2707524812 0.1360945628
137 0.518 0.1297336568 0.2470744548 0.117340798
138 0.529 0.1250621403 0.2236091603 0.09854702009
139 0.54 0.1206272618 0.2004025268 0.07977526502
140 0.551 0.1164140966 0.177501448 0.06108735137
141 0.562 0.1124088084 0.1549537829 0.0425449745
142 0.573 0.1085985627 0.1328083555 0.02420979281
143 0.584 0.1049714478 0.1111149551 0.00614350729
144 0.595 0.1015164012 0.08992433569 0.01159206555
145 0.606 0.09822314334 0.06928821669 0.02893492665
146 0.617 0.09508211529 0.0492592824 0.04582283289
147 0.628 0.092084423 0.02989118225 0.06219324075
148 0.639 0.08922178528 0.01123853074 0.07798325455
149 0.65 0.08648648649 -0.006643092557 0.09312957904
150 0.661 0.08387133299 -0.02369714298 0.107568476
151 0.672 0.08136961333 -0.0398661108 0.1212357241
152 0.683 0.07897506165 -0.05509152123 0.1340665829
153 0.694 0.07668182411 -0.06931393437 0.1459957585
154 0.705 0.0744844281 -0.08247294528 0.1569573734
155 0.716 0.07237775397 -0.09450718392 0.1668849379
156 0.727 0.07035700905 -0.1053543152 0.1757113242
157 0.738 0.06841770377 -0.1149510389 0.1833687427
158 0.749 0.06655562969 -0.1232330898 0.1897887195
159 0.76 0.06476683938 -0.1301352376 0.194902077
160 0.771 0.06304762775 -0.1355912868 0.1986389145
161 0.782 0.06139451501 -0.139534077 0.200928592
162 0.793 0.05980423085 -0.1418954826 0.2016997134
163 0.804 0.05827369991 -0.1426064129 0.2008801128
164 0.815 0.0568000284 -0.1415968123 0.1983968407
165 0.826 0.05538049167 -0.13879566 0.1941761517
166 0.837 0.0540125228 -0.1341309702 0.188143493
167 0.848 0.05269370205 -0.1275297918 0.1802234938
168 0.859 0.05142174703 -0.1189182088 0.1703399559
169 0.87 0.0501945037 -0.1082213403 0.158415844
170 0.881 0.04900993799 -0.09536333996 0.1443732779
171 0.892 0.04786612801 -0.08026739661 0.1281335246
172 0.903 0.0467612569 -0.06285573392 0.1096169908
173 0.914 0.04569360609 -0.0430496105 0.0887432166
174 0.925 0.0446615492 -0.0207693199 0.0654308691
175 0.936 0.04366354618 0.004065809437 0.03959773674
176 0.947 0.04269813804 0.03153741412 0.01116072392
177 0.958 0.04176394185 0.06172809584 0.01996415399
178 0.969 0.04085964609 0.09472142137 0.05386177528
179 0.98 0.0399840064 0.1306019225 0.09061791615
180 0.991 0.03913584148 0.1694550963 0.1303192548


# Numero de nodos n =8+1 
# [k],[x_k],[f(x_k)],[P_f(x_k)],[|f(x_k)-P_f(x_k)|] 
0 -0.989 0.03928806105 0.05483355126 0.01554549022
1 -0.978 0.04014113624 0.01885690049 0.02128423575
2 -0.967 0.04102189646 -0.00539313304 0.0464150295
3 -0.956 0.04193153419 -0.01981899401 0.0617505282
4 -0.945 0.0428713057 -0.02613193014 0.06900323584
5 -0.934 0.04384253515 -0.02586444706 0.06970698222
6 -0.923 0.04484661896 -0.02038223961 0.06522885857
7 -0.912 0.04588503047 -0.01089561239 0.05678064286
8 -0.901 0.04695932501 0.001529597018 0.04542972799
9 -0.89 0.0480711453 0.01596157971 0.03210956559
10 -0.879 0.04922222728 0.03159258897 0.01762963831
11 -0.868 0.05041440642 0.04772943332 0.002684973104
12 -0.857 0.05164962444 0.0637844165 0.01213479206
13 -0.846 0.05292993664 0.07926671238 0.02633677574
14 -0.835 0.05425751975 0.09377416246 0.0395166427
15 -0.824 0.05563468043 0.1069854841 0.05135080371
16 -0.813 0.05706386445 0.1186528781 0.06158901364
17 -0.802 0.05854766658 0.1285950227 0.07004735616
18 -0.791 0.06008884135 0.1366904448 0.07660160348
19 -0.78 0.06169031462 0.1428712543 0.08118093972
20 -0.769 0.06335519616 0.1471172328 0.08376203667
21 -0.758 0.06508679324 0.149450264 0.0843634708
22 -0.747 0.06688862542 0.149929096 0.08304047059
23 -0.736 0.06876444053 0.1486444238 0.0798799833
24 -0.725 0.07071823204 0.1457142826 0.07499605052
25 -0.714 0.07275425794 0.1412797399 0.06852548199
26 -0.703 0.07487706123 0.1355008784 0.06062381715
27 -0.692 0.07709149218 0.1285530566 0.05146156441
28 -0.681 0.07940273265 0.1206234403 0.04122070766
29 -0.67 0.08181632236 0.1119077928 0.0300914704
30 -0.659 0.0843381877 0.102607515 0.0182693273
31 -0.648 0.08697467298 0.0929269267 0.005952253728
32 -0.637 0.08973257449 0.08307077795 0.006661796547
33 -0.626 0.09261917773 0.07324198292 0.0193771948
34 -0.615 0.09564229781 0.06363956644 0.03200273136
35 -0.604 0.0988103237 0.05445681436 0.04435350934
36 -0.593 0.1021322664 0.04587961918 0.05625264721
37 -0.582 0.1056178114 0.03808501225 0.06753279914
38 -0.571 0.109277376 0.03123987411 0.07803750192
39 -0.56 0.1131221719 0.02549981471 0.08762235724
40 -0.549 0.1171642731 0.0210082153 0.0961560578
41 -0.538 0.1214166899 0.01789542418 0.1035212658
42 -0.527 0.1258934501 0.01627809827 0.1096153518
43 -0.516 0.130609686 0.01625868295 0.1143510031
44 -0.505 0.1355817304 0.01792502265 0.1176567077
45 -0.494 0.1408272191 0.02135009474 0.1194771243
46 -0.483 0.1463652031 0.02659185959 0.1197733435
47 -0.472 0.1522162689 0.03369321964 0.1185230492
48 -0.461 0.1584026675 0.04268208065 0.1157205869
49 -0.45 0.1649484536 0.05357150831 0.1113769453
50 -0.439 0.1718796327 0.06635997366 0.105519659
51 -0.428 0.1792243172 0.0810316807 0.09819263645
52 -0.417 0.1870128899 0.09755697021 0.08945591966
53 -0.406 0.1952781738 0.1158927932 0.07938538058
54 -0.395 0.2040556052 0.1359832483 0.06807235687
55 -0.384 0.2133834073 0.1577601773 0.05562323004
56 -0.373 0.2233027595 0.1811438126 0.04215894686
57 -0.362 0.2338579547 0.206043472 0.02781448268
58 -0.351 0.2450965374 0.2323582942 0.01273824322
59 -0.34 0.2570694087 0.2599780108 0.002908602108
60 -0.329 0.2698308835 0.2887837497 0.01895286617
61 -0.318 0.283438678 0.3186488633 0.03521018529
62 -0.307 0.2979538023 0.34943978 0.0514859777
63 -0.296 0.313440321 0.3810168702 0.06757654925
64 -0.285 0.3299649412 0.4132353266 0.08327038533
65 -0.274 0.3475963711 0.4459460504 0.09834967933
66 -0.263 0.3664043822 0.4789965431 0.1125921609
67 -0.252 0.3864584944 0.5122317965 0.1257733021
68 -0.241 0.4078261845 0.5454951789 0.1376689945
69 -0.23 0.4305705059 0.5786293145 0.1480588085
70 -0.219 0.4547469901 0.6114769492 0.156729959
71 -0.208 0.4803996925 0.6438818037 0.1634821112
72 -0.197 0.5075562436 0.6756894071 0.1681331635
73 -0.186 0.5362217813 0.7067479096 0.1705261283
74 -0.175 0.5663716814 0.7369088713 0.1705371898
75 -0.164 0.5979430758 0.7660280232 0.1680849474
76 -0.153 0.6308252772 0.7939659998 0.1631407227
77 -0.142 0.6648494116 0.8205890384 0.1557396268
78 -0.131 0.6997778205 0.8457696443 0.1459918237
79 -0.12 0.7352941176 0.8693872193 0.1340931016
80 -0.109 0.770995162 0.8913286517 0.1203334897
81 -0.098 0.8063865817 0.9114888653 0.1051022836
82 -0.087 0.8408837688 0.9297713263 0.08888755748
83 -0.076 0.8738203425 0.9460885058 0.07226816327
84 -0.065 0.9044657999 0.9603622976 0.0558964977
85 -0.054 0.9320533134 0.9725243887 0.0404710753
86 -0.043 0.9558173433 0.9825165827 0.02669923937
87 -0.032 0.9750390016 0.9902910733 0.01525207174
88 -0.021 0.9890952251 0.9958106697 0.00671544451
89 -0.01 0.9975062344 0.9990489702 0.001542735826
90 0.001 0.9999750006 0.9999904866 1.548597434E-05
91 0.012 0.9964129135 0.9986307157 0.002217802194
92 0.023 0.9869476178 0.994976161 0.008028543253
93 0.034 0.9719117504 0.989044302 0.01713255163
94 0.045 0.9518143962 0.9808635127 0.02904911652
95 0.056 0.9272997033 0.9704729285 0.04317322519
96 0.067 0.8990986536 0.9579222627 0.0588236091
97 0.078 0.8679802101 0.9432715732 0.07529136317
98 0.089 0.8347071221 0.926590979 0.09188385682
99 0.1 0.8 0.9079603283 0.1079603283
100 0.111 0.7645113817 0.8874688198 0.1229574381
101 0.122 0.7288098535 0.8652145761 0.1364047226
102 0.133 0.6933730867 0.8413041735 0.1479310868
103 0.144 0.6585879874 0.8158521269 0.1572641395
104 0.155 0.6247559547 0.7889803333 0.1642243786
105 0.166 0.5921013678 0.760817475 0.1687161073
106 0.177 0.5607817297 0.7314983839 0.1707166542
107 0.188 0.5308982799 0.7011633701 0.1702650903
108 0.199 0.5025062499 0.6699575162 0.1674512663
109 0.21 0.4756242568 0.6380299397 0.1624056828
110 0.221 0.4502425682 0.6055330261 0.1552904579
111 0.232 0.4263301501 0.5726216365 0.1462914864
112 0.243 0.4038405234 0.5394522899 0.1356117666
113 0.254 0.3827165219 0.5061823264 0.1234658045
114 0.265 0.3628940803 0.4729690514 0.1100749711
115 0.276 0.3443051921 0.439968867 0.0956636749
116 0.287 0.3268801739 0.4073363912 0.08045621732
117 0.298 0.3105493618 0.3752235708 0.06467420898
118 0.309 0.2952443516 0.3437787903 0.04853443873
119 0.32 0.2808988764 0.3131459817 0.0322471053
120 0.331 0.2674494019 0.283463738 0.01601433607
121 0.342 0.2548355037 0.2548644361 2.89324282E-05
122 0.353 0.243000079 0.2274733724 0.01552670653
123 0.364 0.2318894351 0.2014079159 0.03048151919
124 0.375 0.2214532872 0.1767766834 0.04467660384
125 0.386 0.2116446909 0.1536787417 0.05796594917
126 0.397 0.2024199303 0.1322028424 0.07021708785
127 0.408 0.1937383757 0.1124266925 0.08131168318
128 0.419 0.1855623234 0.09441626848 0.09114605495
129 0.43 0.1778568253 0.07822517751 0.09963164774
130 0.441 0.1705895147 0.06389407228 0.1066954424
131 0.452 0.1637304342 0.0514501247 0.1122803095
132 0.463 0.1572518664 0.04090656462 0.1163453018
133 0.474 0.1511281718 0.0322622895 0.1188658823
134 0.485 0.1453356345 0.02550155117 0.1198340833
135 0.496 0.139852316 0.02059372616 0.1192585898
136 0.507 0.1346579184 0.01749317588 0.1171647425
137 0.518 0.1297336568 0.01613920344 0.1135944534
138 0.529 0.1250621403 0.0164561139 0.1086060263
139 0.54 0.1206272618 0.01835338483 0.1022738769
140 0.551 0.1164140966 0.02172595421 0.09468814237
141 0.562 0.1124088084 0.02645463315 0.0859541752
142 0.573 0.1085985627 0.03240665058 0.07619191211
143 0.584 0.1049714478 0.03943633762 0.06553511014
144 0.595 0.1015164012 0.04738595924 0.05413044201
145 0.606 0.09822314334 0.05608670113 0.04213644221
146 0.617 0.09508211529 0.06535981979 0.0297222955
147 0.628 0.092084423 0.07501796394 0.01706645906
148 0.639 0.08922178528 0.08486667563 0.004355109654
149 0.65 0.08648648649 0.09470607945 0.008219592962
150 0.661 0.08387133299 0.1043327686 0.02046143557
151 0.672 0.08136961333 0.1135418962 0.03217228285
152 0.683 0.07897506165 0.1221294816 0.04315441994
153 0.694 0.07668182411 0.1298949396 0.05321311551
154 0.705 0.0744844281 0.1366438429 0.06215941477
155 0.716 0.07237775397 0.1421909261 0.06981317216
156 0.727 0.07035700905 0.1463633424 0.07600633339
157 0.738 0.06841770377 0.1490041804 0.08058647666
158 0.749 0.06655562969 0.1499762529 0.08342062325
159 0.76 0.06476683938 0.1491661668 0.08439932742
160 0.771 0.06304762775 0.1464886838 0.08344105608
161 0.782 0.06139451501 0.1418913836 0.08049686861
162 0.793 0.05980423085 0.1353596382 0.07555540733
163 0.804 0.05827369991 0.1269219094 0.06864820947
164 0.815 0.0568000284 0.1166553797 0.05985535134
165 0.826 0.05538049167 0.1046919275 0.04931143583
166 0.837 0.0540125228 0.09122445711 0.03721193431
167 0.848 0.05269370205 0.07651359628 0.02381989423
168 0.859 0.05142174703 0.06089477087 0.009473023843
169 0.87 0.0501945037 0.04478566936 0.005408834338
170 0.881 0.04900993799 0.02869410832 0.02031582967
171 0.892 0.04786612801 0.0132263108 0.03463981721
172 0.903 0.0467612569 -0.0009043902774 0.04766564717
173 0.914 0.04569360609 -0.01286841188 0.05856201797
174 0.925 0.0446615492 -0.02171033121 0.06637188041
175 0.936 0.04366354618 -0.02633883441 0.07000238059
176 0.947 0.04269813804 -0.02551619096 0.068214329
177 0.958 0.04176394185 -0.01784724107 0.05961118292
178 0.969 0.04085964609 -0.001767883141 0.04262752923
179 0.98 0.0399840064 0.02446695167 0.01551705473
180 0.991 0.03913584148 0.06279585101 0.02366000952


# Numero de nodos n =16+1 
# [k],[x_k],[f(x_k)],[P_f(x_k)],[|f(x_k)-P_f(x_k)|] 
0 -0.989 0.03928806105 0.02846668387 0.01082137717
1 -0.978 0.04014113624 0.02795497914 0.01218615709
2 -0.967 0.04102189646 0.03659303316 0.004428863305
3 -0.956 0.04193153419 0.04661867892 0.004687144727
4 -0.945 0.0428713057 0.05414636875 0.01127506305
5 -0.934 0.04384253515 0.05779600972 0.01395347457
6 -0.923 0.04484661896 0.05769128159 0.01284466263
7 -0.912 0.04588503047 0.05474881794 0.008863787476
8 -0.901 0.04695932501 0.05019308563 0.003233760621
9 -0.89 0.0480711453 0.04524338595 0.002827759349
10 -0.879 0.04922222728 0.04092933324 0.008292894038
11 -0.868 0.05041440642 0.03799963278 0.01241477364
12 -0.857 0.05164962444 0.0368961537 0.01475347074
13 -0.846 0.05292993664 0.03777133087 0.01515860577
14 -0.835 0.05425751975 0.04053197357 0.01372554618
15 -0.824 0.05563468043 0.04489673696 0.01073794348
16 -0.813 0.05706386445 0.05045793883 0.006605925625
17 -0.802 0.05854766658 0.05674118281 0.001806483768
18 -0.791 0.06008884135 0.06325847164 0.003169630292
19 -0.78 0.06169031462 0.06955224234 0.007861927722
20 -0.769 0.06335519616 0.07522910283 0.01187390668
21 -0.758 0.06508679324 0.07998305992 0.01489626668
22 -0.747 0.06688862542 0.08360875946 0.01672013404
23 -0.736 0.06876444053 0.08600576039 0.01724131986
24 -0.725 0.07071823204 0.08717517797 0.01645694592
25 -0.714 0.07275425794 0.08721019713 0.01445593918
26 -0.703 0.07487706123 0.08628200482 0.01140494359
27 -0.692 0.07709149218 0.08462265032 0.00753115814
28 -0.681 0.07940273265 0.08250623697 0.00310350432
29 -0.67 0.08181632236 0.08022969793 0.001586624425
30 -0.659 0.0843381877 0.07809422936 0.006243958341
31 -0.648 0.08697467298 0.07638825896 0.01058641401
32 -0.637 0.08973257449 0.07537262921 0.01435994528
33 -0.626 0.09261917773 0.07526847903 0.0173506987
34 -0.615 0.09564229781 0.07624812375 0.01939417406
35 -0.604 0.0988103237 0.0784290648 0.0203812589
36 -0.593 0.1021322664 0.08187111111 0.02026115528
37 -0.582 0.1056178114 0.08657646639 0.019041345
38 -0.571 0.109277376 0.09249253098 0.01678484505
39 -0.56 0.1131221719 0.09951708388 0.01360508807
40 -0.549 0.1171642731 0.1075054498 0.009658823271
41 -0.538 0.1214166899 0.1162792166 0.005137473298
42 -0.527 0.1258934501 0.1256360475 0.0002574025455
43 -0.516 0.130609686 0.1353601308 0.004750444773
44 -0.505 0.1355817304 0.145232822 0.009651091627
45 -0.494 0.1408272191 0.1550430605 0.01421584141
46 -0.483 0.1463652031 0.1645971792 0.01823197611
47 -0.472 0.1522162689 0.1737277733 0.0215115044
48 -0.461 0.1584026675 0.1823013451 0.02389867761
49 -0.45 0.1649484536 0.1902245025 0.02527604889
50 -0.439 0.1718796327 0.1974485435 0.02556891081
51 -0.428 0.1792243172 0.2039723242 0.02474800707
52 -0.417 0.1870128899 0.2098433634 0.02283047355
53 -0.406 0.1952781738 0.2151571948 0.01987902105
54 -0.395 0.2040556052 0.2200550305 0.01599942534
55 -0.384 0.2133834073 0.2247198464 0.01133643908
56 -0.373 0.2233027595 0.2293710425 0.006068283055
57 -0.362 0.2338579547 0.2342578667 0.0003999120649
58 -0.351 0.2450965374 0.2396518184 0.005444718978
59 -0.34 0.2570694087 0.2458382706 0.01123113814
60 -0.329 0.2698308835 0.2531075631 0.01672332044
61 -0.318 0.283438678 0.2617458259 0.02169285217
62 -0.307 0.2979538023 0.2720257932 0.02592800906
63 -0.296 0.313440321 0.2841978608 0.02924246012
64 -0.285 0.3299649412 0.2984816285 0.03148331276
65 -0.274 0.3475963711 0.3150581499 0.03253822116
66 -0.263 0.3664043822 0.3340630923 0.03234128992
67 -0.252 0.3864584944 0.3555809772 0.03087751716
68 -0.241 0.4078261845 0.3796406492 0.02818553532
69 -0.23 0.4305705059 0.4062120814 0.02435842448
70 -0.219 0.4547469901 0.4352045974 0.01954239275
71 -0.208 0.4803996925 0.4664665493 0.01393314328
72 -0.197 0.5075562436 0.4997864613 0.007769782257
73 -0.186 0.5362217813 0.53489561 0.001326171288
74 -0.175 0.5663716814 0.5714719806 0.005100299147
75 -0.164 0.5979430758 0.6091455077 0.01120243185
76 -0.153 0.6308252772 0.6475044811 0.01667920392
77 -0.142 0.6648494116 0.6861029694 0.02125355782
78 -0.131 0.6997778205 0.7244690956 0.02469127506
79 -0.12 0.7352941176 0.7621139785 0.02681986088
80 -0.109 0.770995162 0.7985411426 0.02754598058
81 -0.098 0.8063865817 0.8332561873 0.02686960556
82 -0.087 0.8408837688 0.865776505 0.02489273613
83 -0.076 0.8738203425 0.8956408345 0.02182049192
84 -0.065 0.9044657999 0.9224184432 0.01795264336
85 -0.054 0.9320533134 0.9457177396 0.01366442614
86 -0.043 0.9558173433 0.965194129 0.009376785686
87 -0.032 0.9750390016 0.9805569462 0.005517944629
88 -0.021 0.9890952251 0.9915753144 0.002480089262
89 -0.01 0.9975062344 0.9980828064 0.0005765720074
90 0.001 0.9999750006 0.9999808082 5.807549674E-06
91 0.012 0.9964129135 0.9972405132 0.0008275996506
92 0.023 0.9869476178 0.9899035052 0.002955887466
93 0.034 0.9719117504 0.9780809173 0.006169166868
94 0.045 0.9518143962 0.961951184 0.01013678779
95 0.056 0.9272997033 0.941756436 0.01445673276
96 0.067 0.8990986536 0.917797613 0.01869895942
97 0.078 0.8679802101 0.8904283992 0.02244818919
98 0.089 0.8347071221 0.8600481118 0.02534098965
99 0.1 0.8 0.8270936937 0.02709369366
100 0.111 0.7645113817 0.7920309838 0.02751960211
101 0.122 0.7288098535 0.7553454522 0.02653559866
102 0.133 0.6933730867 0.7175326008 0.02415951412
103 0.144 0.6585879874 0.679088239 0.02050025167
104 0.155 0.6247559547 0.640498845 0.01574289034
105 0.166 0.5921013678 0.6022322268 0.010130859
106 0.177 0.5607817297 0.5647286864 0.003946956712
107 0.188 0.5308982799 0.528392887 0.002505392856
108 0.199 0.5025062499 0.4935866014 0.008919648498
109 0.21 0.4756242568 0.4606225088 0.01500174807
110 0.221 0.4502425682 0.4297591789 0.02048338927
111 0.232 0.4263301501 0.4011973602 0.02513278988
112 0.243 0.4038405234 0.375077657 0.02876286639
113 0.254 0.3827165219 0.3514796518 0.03123687006
114 0.265 0.3628940803 0.330422493 0.03247158731
115 0.276 0.3443051921 0.3118669349 0.03243825722
116 0.287 0.3268801739 0.295718782 0.03116139189
117 0.298 0.3105493618 0.281833653 0.02871570881
118 0.309 0.2952443516 0.2700229477 0.02522140387
119 0.32 0.2808988764 0.2600608673 0.02083800915
120 0.331 0.2674494019 0.2516923079 0.01575709405
121 0.342 0.2548355037 0.2446414242 0.01019407947
122 0.353 0.243000079 0.2386206344 0.004379444588
123 0.364 0.2318894351 0.2333398235 0.00145038842
124 0.375 0.2214532872 0.2285154907 0.007062203472
125 0.386 0.2116446909 0.2238795786 0.01223488771
126 0.397 0.2024199303 0.2191877282 0.01676779791
127 0.408 0.1937383757 0.2142267063 0.02048833056
128 0.419 0.1855623234 0.2088207726 0.02325844922
129 0.43 0.1778568253 0.2028367736 0.02497994839
130 0.441 0.1705895147 0.19618778 0.02559826528
131 0.452 0.1637304342 0.1888351233 0.02510468912
132 0.463 0.1572518664 0.1807887285 0.02353686207
133 0.474 0.1511281718 0.1721056874 0.02097751559
134 0.485 0.1453356345 0.1628870743 0.01755143981
135 0.496 0.139852316 0.1532730576 0.01342074161
136 0.507 0.1346579184 0.143436425 0.008778506562
137 0.518 0.1297336568 0.1335746973 0.00384104048
138 0.529 0.1250621403 0.1239010662 0.001161074011
139 0.54 0.1206272618 0.1146344479 0.005992813846
140 0.551 0.1164140966 0.1059889957 0.01042510086
141 0.562 0.1124088084 0.09816346114 0.01424534721
142 0.573 0.1085985627 0.09133082625 0.01726773645
143 0.584 0.1049714478 0.0856286563 0.01934279146
144 0.595 0.1015164012 0.0811506308 0.02036577044
145 0.606 0.09822314334 0.07793970581 0.02028343753
146 0.617 0.09508211529 0.07598333684 0.01909877845
147 0.628 0.092084423 0.0752111478 0.01687327519
148 0.639 0.08922178528 0.07549536708 0.0137264182
149 0.65 0.08648648649 0.07665426447 0.009832222013
150 0.661 0.08387133299 0.07845871336 0.005412619629
151 0.672 0.08136961333 0.08064187031 0.0007277430215
152 0.683 0.07897506165 0.08291181155 0.003936749905
153 0.694 0.07668182411 0.08496679405 0.008284969942
154 0.705 0.0744844281 0.08651262237 0.01202819427
155 0.716 0.07237775397 0.08728140627 0.0149036523
156 0.727 0.07035700905 0.08705079463 0.01669378557
157 0.738 0.06841770377 0.08566257838 0.01724487462
158 0.749 0.06655562969 0.08303937989 0.01648375019
159 0.76 0.06476683938 0.07919800202 0.01443116264
160 0.771 0.06304762775 0.07425791551 0.01121028776
161 0.782 0.06139451501 0.0684433367 0.007048821688
162 0.793 0.05980423085 0.06207741571 0.002273184859
163 0.804 0.05827369991 0.05556724428 0.002706455631
164 0.815 0.0568000284 0.04937873784 0.007421290557
165 0.826 0.05538049167 0.04400098521 0.01137950645
166 0.837 0.0540125228 0.03990043741 0.01411208539
167 0.848 0.05269370205 0.0374663743 0.01522732775
168 0.859 0.05142174703 0.0369505031 0.01447124393
169 0.87 0.0501945037 0.03840537185 0.01178913186
170 0.881 0.04900993799 0.04162859785 0.007381340143
171 0.892 0.04786612801 0.04612280051 0.001743327498
172 0.903 0.0467612569 0.05108468329 0.004323426397
173 0.914 0.04569360609 0.05544103578 0.009747429689
174 0.925 0.0446615492 0.0579546422 0.01329309301
175 0.936 0.04366354618 0.0574293159 0.01376576972
176 0.947 0.04269813804 0.05305067625 0.01035253821
177 0.958 0.04176394185 0.04490800398 0.003144062135
178 0.969 0.04085964609 0.03475272913 0.006106916968
179 0.98 0.0399840064 0.02706101769 0.01292298871
180 0.991 0.03913584148 0.03048174065 0.00865410083


# Numero de nodos n =32+1 
# [k],[x_k],[f(x_k)],[P_f(x_k)],[|f(x_k)-P_f(x_k)|] 
0 -0.989 0.03928806105 0.03939057625 0.0001025152068
1 -0.978 0.04014113624 0.04058456428 0.0004434280409
2 -0.967 0.04102189646 0.04068209263 0.0003398038367
3 -0.956 0.04193153419 0.0414073059 0.0005242282907
4 -0.945 0.0428713057 0.04287135826 5.255954153E-08
5 -0.934 0.04384253515 0.0443502321 0.000507696947
6 -0.923 0.04484661896 0.04537130239 0.0005246834334
7 -0.912 0.04588503047 0.0459969026 0.0001118721372
8 -0.901 0.04695932501 0.04658573222 0.0003735927835
9 -0.89 0.0480711453 0.04746557988 0.0006055654187
10 -0.879 0.04922222728 0.0487498888 0.000472338481
11 -0.868 0.05041440642 0.05033335852 8.10478999E-05
12 -0.857 0.05164962444 0.05199770681 0.00034808237
13 -0.846 0.05292993664 0.05353913057 0.0006091939282
14 -0.835 0.05425751975 0.05485555579 0.0005980360412
15 -0.824 0.05563468043 0.05597083666 0.0003361562268
16 -0.813 0.05706386445 0.05700497601 5.888843775E-05
17 -0.802 0.05854766658 0.05811547339 0.0004321931947
18 -0.791 0.06008884135 0.05943733889 0.0006515024589
19 -0.78 0.06169031462 0.06104175749 0.0006485571295
20 -0.769 0.06335519616 0.06292232871 0.0004328674463
21 -0.758 0.06508679324 0.06500733345 7.945979206E-05
22 -0.747 0.06688862542 0.0671893783 0.0003007528816
23 -0.736 0.06876444053 0.06936093969 0.0005964991585
24 -0.725 0.07071823204 0.07144517804 0.0007269459987
25 -0.714 0.07275425794 0.07341474691 0.0006604889634
26 -0.703 0.07487706123 0.07529572166 0.0004186604322
27 -0.692 0.07709149218 0.07715786634 6.637415988E-05
28 -0.681 0.07940273265 0.07909548117 0.0003072514702
29 -0.67 0.08181632236 0.08120452158 0.0006118007795
30 -0.659 0.0843381877 0.08356163156 0.0007765561427
31 -0.648 0.08697467298 0.08620948656 0.0007651864159
32 -0.637 0.08973257449 0.08915088892 0.0005816855732
33 -0.626 0.09261917773 0.09235192275 0.0002672549737
34 -0.615 0.09564229781 0.09575260712 0.0001103093121
35 -0.604 0.0988103237 0.09928219253 0.0004718688296
36 -0.593 0.1021322664 0.1028756763 0.0007434099241
37 -0.582 0.1056178114 0.1064882561 0.0008704446647
38 -0.571 0.109277376 0.1101051687 0.0008277926477
39 -0.56 0.1131221719 0.1137454594 0.0006232874607
40 -0.549 0.1171642731 0.1174594536 0.0002951804996
41 -0.538 0.1214166899 0.1213208373 9.585265204E-05
42 -0.527 0.1258934501 0.1254151128 0.000478337243
43 -0.516 0.130609686 0.1298266749 0.0007830111183
44 -0.505 0.1355817304 0.1346268138 0.0009549165366
45 -0.494 0.1408272191 0.1398646352 0.0009625839183
46 -0.483 0.1463652031 0.1455622723 0.0008029308172
47 -0.472 0.1522162689 0.1517149899 0.0005012790091
48 -0.461 0.1584026675 0.1582959606 0.0001067068914
49 -0.45 0.1649484536 0.1652647777 0.0003163240431
50 -0.439 0.1718796327 0.1725782326 0.0006985998651
51 -0.428 0.1792243172 0.1802016159 0.0009772987518
52 -0.417 0.1870128899 0.1881187977 0.00110590782
53 -0.406 0.1952781738 0.1963396032 0.001061429472
54 -0.395 0.2040556052 0.2049034618 0.0008478566001
55 -0.384 0.2133834073 0.2138788912 0.0004954838701
56 -0.373 0.2233027595 0.2233590061 5.624668242E-05
57 -0.362 0.2338579547 0.2334538063 0.0004041484051
58 -0.351 0.2450965374 0.2442804433 0.0008160940492
59 -0.34 0.2570694087 0.2559529237 0.001116485081
60 -0.329 0.2698308835 0.2685727465 0.001258136983
61 -0.318 0.283438678 0.2822218129 0.001216865141
62 -0.307 0.2979538023 0.2969585865 0.0009952157587
63 -0.296 0.313440321 0.3128180029 0.0006223180943
64 -0.285 0.3299649412 0.3298150674 0.0001498738396
65 -0.274 0.3475963711 0.3479515307 0.0003551595682
66 -0.263 0.3664043822 0.367224552 0.0008201698251
67 -0.252 0.3864584944 0.3876359186 0.001177424201
68 -0.241 0.4078261845 0.4092002223 0.001374037857
69 -0.23 0.4305705059 0.4319504344 0.001379928504
70 -0.219 0.4547469901 0.4559395506 0.001192560474
71 -0.208 0.4803996925 0.4812373961 0.0008377035493
72 -0.197 0.5075562436 0.507922221 0.0003659774595
73 -0.186 0.5362217813 0.5360673378 0.0001544434789
74 -0.175 0.5663716814 0.5657236756 0.0006480057682
75 -0.164 0.5979430758 0.5968996907 0.001043385158
76 -0.153 0.6308252772 0.6295405095 0.001284767697
77 -0.142 0.6648494116 0.663508445 0.00134096664
78 -0.131 0.6997778205 0.6985670798 0.001210740703
79 -0.12 0.7352941176 0.7343709469 0.0009231707343
80 -0.109 0.770995162 0.7704624595 0.0005327024837
81 -0.098 0.8063865817 0.8062771891 0.000109392648
82 -0.087 0.8408837688 0.8411579 0.0002741311935
83 -0.076 0.8738203425 0.8743769964 0.0005566539021
84 -0.065 0.9044657999 0.9051662792 0.0007004793109
85 -0.054 0.9320533134 0.932752229 0.0006989155374
86 -0.043 0.9558173433 0.9563944815 0.0005771381616
87 -0.032 0.9750390016 0.9754248013 0.000385799728
88 -0.021 0.9890952251 0.9892837254 0.0001885002294
89 -0.01 0.9975062344 0.9975521495 4.591510053E-05
90 0.001 0.9999750006 0.9999754693 4.686564433E-07
91 0.012 0.9964129135 0.9964784292 6.551568198E-05
92 0.023 0.9869476178 0.9871695371 0.0002219193434
93 0.034 0.9719117504 0.9723347029 0.0004229524743
94 0.045 0.9518143962 0.9524205926 0.0006061963855
95 0.056 0.9272997033 0.928008978 0.0007092747305
96 0.067 0.8990986536 0.8997840402 0.000685386642
97 0.078 0.8679802101 0.8684950937 0.0005148836069
98 0.089 0.8347071221 0.8349174929 0.0002103707276
99 0.1 0.8 0.7998145454 0.0001854546396
100 0.111 0.7645113817 0.7639030735 0.000608308143
101 0.122 0.7288098535 0.7278248724 0.0009849811152
102 0.133 0.6933730867 0.6921257322 0.001247354514
103 0.144 0.6585879874 0.6572429925 0.001344994846
104 0.155 0.6247559547 0.6235018342 0.001254120517
105 0.166 0.5921013678 0.5911197673 0.0009816004591
106 0.177 0.5607817297 0.5602181049 0.0005636248214
107 0.188 0.5308982799 0.530838687 5.959288081E-05
108 0.199 0.5025062499 0.5029637787 0.0004575287343
109 0.21 0.4756242568 0.4765369414 0.0009126845443
110 0.221 0.4502425682 0.4514827709 0.00124020269
111 0.232 0.4263301501 0.427723692 0.001393541946
112 0.243 0.4038405234 0.4051924674 0.001351944009
113 0.254 0.3827165219 0.3838396546 0.001123132708
114 0.265 0.3628940803 0.3636358767 0.0007417963684
115 0.276 0.3443051921 0.3445693802 0.000264188032
116 0.287 0.3268801739 0.3266398797 0.0002402942008
117 0.298 0.3105493618 0.3098500715 0.0006992903406
118 0.309 0.2952443516 0.2941963986 0.00104795301
119 0.32 0.2808988764 0.2796606504 0.001238226039
120 0.331 0.2674494019 0.266203778 0.001245623932
121 0.342 0.2548355037 0.2537629373 0.001072566336
122 0.353 0.243000079 0.2422522736 0.0007478053989
123 0.364 0.2318894351 0.2315674038 0.0003220312868
124 0.375 0.2214532872 0.2215930069 0.0001397196861
125 0.386 0.2116446909 0.2122124616 0.0005677707274
126 0.397 0.2024199303 0.2033181553 0.0008982249904
127 0.408 0.1937383757 0.1948209522 0.001082576475
128 0.419 0.1855623234 0.1866573987 0.001095075248
129 0.43 0.1778568253 0.1787935329 0.0009367076012
130 0.441 0.1705895147 0.1712246386 0.0006351238456
131 0.452 0.1637304342 0.1639708685 0.0002404342856
132 0.463 0.1572518664 0.1570692848 0.0001825815744
133 0.474 0.1511281718 0.1505634357 0.0005647360565
134 0.485 0.1453356345 0.1444920168 0.0008436176403
135 0.496 0.139852316 0.1388783794 0.0009739365418
136 0.507 0.1346579184 0.1337226007 0.0009353176495
137 0.518 0.1297336568 0.128997506 0.0007361507666
138 0.529 0.1250621403 0.1246494615 0.000412678713
139 0.54 0.1206272618 0.1206040109 2.325085501E-05
140 0.551 0.1164140966 0.1167756093 0.0003615127508
141 0.562 0.1124088084 0.1130799505 0.0006711421579
142 0.573 0.1085985627 0.1094468151 0.0008482524119
143 0.584 0.1049714478 0.1058311145 0.0008596667391
144 0.595 0.1015164012 0.1022199408 0.0007035396046
145 0.606 0.09822314334 0.09863398728 0.0004108439451
146 0.617 0.09508211529 0.09512262247 4.050717988E-05
147 0.628 0.092084423 0.09175306898 0.000331354018
148 0.639 0.08922178528 0.08859535733 0.0006264279539
149 0.65 0.08648648649 0.08570577546 0.000780711026
150 0.661 0.08387133299 0.08311216839 0.0007591645982
151 0.672 0.08136961333 0.08080446452 0.0005651488141
152 0.683 0.07897506165 0.07873310018 0.0002419614676
153 0.694 0.07668182411 0.07681660017 0.0001347760594
154 0.705 0.0744844281 0.07495762623 0.0004731981281
155 0.716 0.07237775397 0.07306466737 0.0006869134014
156 0.727 0.07035700905 0.0710746826 0.0007176735491
157 0.738 0.06841770377 0.06897094319 0.0005532394239
158 0.749 0.06655562969 0.06679052699 0.0002348973026
159 0.76 0.06476683938 0.06461766927 0.0001491701106
160 0.771 0.06304762775 0.06256242076 0.0004852069983
161 0.782 0.06139451501 0.06072831412 0.0006662008935
162 0.793 0.05980423085 0.05917703633 0.00062719452
163 0.804 0.05827369991 0.0579011152 0.0003725847121
164 0.815 0.0568000284 0.05681589836 1.5869955E-05
165 0.826 0.05538049167 0.05577848041 0.0003979887383
166 0.837 0.0540125228 0.05463342839 0.0006209055839
167 0.848 0.05269370205 0.05327432173 0.0005806196841
168 0.859 0.05142174703 0.05169927412 0.0002775270955
169 0.87 0.0501945037 0.05003254441 0.0001619592894
170 0.881 0.04900993799 0.04848875379 0.0005211841978
171 0.892 0.04786612801 0.04727553343 0.0005905945872
172 0.903 0.0467612569 0.04646429362 0.0002969632779
173 0.914 0.04569360609 0.04589763162 0.0002040255287
174 0.925 0.0446615492 0.04522289565 0.0005613464563
175 0.936 0.04366354618 0.04410903812 0.0004454919412
176 0.947 0.04269813804 0.04258204546 0.000116092582
177 0.958 0.04176394185 0.04120413165 0.000559810195
178 0.969 0.04085964609 0.04064878001 0.0002108660831
179 0.98 0.0399840064 0.04051095686 0.0005269504617
180 0.991 0.03913584148 0.03898272327 0.0001531182128


