# Numero de nodos n =16 
# [k],[x_k],[f(x_k)],[P_f(x_k)],[|f(x_k)-P_f(x_k)|] 
0 -0.989 0.03928806105 0.02846668387 0.01082137717
1 -0.978 0.04014113624 0.02795497914 0.01218615709
2 -0.967 0.04102189646 0.03659303316 0.004428863305
3 -0.956 0.04193153419 0.04661867892 0.004687144727
4 -0.945 0.0428713057 0.05414636875 0.01127506305
5 -0.934 0.04384253515 0.05779600972 0.01395347457
6 -0.923 0.04484661896 0.05769128159 0.01284466263
7 -0.912 0.04588503047 0.05474881794 0.008863787476
8 -0.901 0.04695932501 0.05019308563 0.003233760621
9 -0.89 0.0480711453 0.04524338595 0.002827759349
10 -0.879 0.04922222728 0.04092933324 0.008292894038
11 -0.868 0.05041440642 0.03799963278 0.01241477364
12 -0.857 0.05164962444 0.0368961537 0.01475347074
13 -0.846 0.05292993664 0.03777133087 0.01515860577
14 -0.835 0.05425751975 0.04053197357 0.01372554618
15 -0.824 0.05563468043 0.04489673696 0.01073794348
16 -0.813 0.05706386445 0.05045793883 0.006605925625
17 -0.802 0.05854766658 0.05674118281 0.001806483768
18 -0.791 0.06008884135 0.06325847164 0.003169630292
19 -0.78 0.06169031462 0.06955224234 0.007861927722
20 -0.769 0.06335519616 0.07522910283 0.01187390668
21 -0.758 0.06508679324 0.07998305992 0.01489626668
22 -0.747 0.06688862542 0.08360875946 0.01672013404
23 -0.736 0.06876444053 0.08600576039 0.01724131986
24 -0.725 0.07071823204 0.08717517797 0.01645694592
25 -0.714 0.07275425794 0.08721019713 0.01445593918
26 -0.703 0.07487706123 0.08628200482 0.01140494359
27 -0.692 0.07709149218 0.08462265032 0.00753115814
28 -0.681 0.07940273265 0.08250623697 0.00310350432
29 -0.67 0.08181632236 0.08022969793 0.001586624425
30 -0.659 0.0843381877 0.07809422936 0.006243958341
31 -0.648 0.08697467298 0.07638825896 0.01058641401
32 -0.637 0.08973257449 0.07537262921 0.01435994528
33 -0.626 0.09261917773 0.07526847903 0.0173506987
34 -0.615 0.09564229781 0.07624812375 0.01939417406
35 -0.604 0.0988103237 0.0784290648 0.0203812589
36 -0.593 0.1021322664 0.08187111111 0.02026115528
37 -0.582 0.1056178114 0.08657646639 0.019041345
38 -0.571 0.109277376 0.09249253098 0.01678484505
39 -0.56 0.1131221719 0.09951708388 0.01360508807
40 -0.549 0.1171642731 0.1075054498 0.009658823271
41 -0.538 0.1214166899 0.1162792166 0.005137473298
42 -0.527 0.1258934501 0.1256360475 0.0002574025455
43 -0.516 0.130609686 0.1353601308 0.004750444773
44 -0.505 0.1355817304 0.145232822 0.009651091627
45 -0.494 0.1408272191 0.1550430605 0.01421584141
46 -0.483 0.1463652031 0.1645971792 0.01823197611
47 -0.472 0.1522162689 0.1737277733 0.0215115044
48 -0.461 0.1584026675 0.1823013451 0.02389867761
49 -0.45 0.1649484536 0.1902245025 0.02527604889
50 -0.439 0.1718796327 0.1974485435 0.02556891081
51 -0.428 0.1792243172 0.2039723242 0.02474800707
52 -0.417 0.1870128899 0.2098433634 0.02283047355
53 -0.406 0.1952781738 0.2151571948 0.01987902105
54 -0.395 0.2040556052 0.2200550305 0.01599942534
55 -0.384 0.2133834073 0.2247198464 0.01133643908
56 -0.373 0.2233027595 0.2293710425 0.006068283055
57 -0.362 0.2338579547 0.2342578667 0.0003999120649
58 -0.351 0.2450965374 0.2396518184 0.005444718978
59 -0.34 0.2570694087 0.2458382706 0.01123113814
60 -0.329 0.2698308835 0.2531075631 0.01672332044
61 -0.318 0.283438678 0.2617458259 0.02169285217
62 -0.307 0.2979538023 0.2720257932 0.02592800906
63 -0.296 0.313440321 0.2841978608 0.02924246012
64 -0.285 0.3299649412 0.2984816285 0.03148331276
65 -0.274 0.3475963711 0.3150581499 0.03253822116
66 -0.263 0.3664043822 0.3340630923 0.03234128992
67 -0.252 0.3864584944 0.3555809772 0.03087751716
68 -0.241 0.4078261845 0.3796406492 0.02818553532
69 -0.23 0.4305705059 0.4062120814 0.02435842448
70 -0.219 0.4547469901 0.4352045974 0.01954239275
71 -0.208 0.4803996925 0.4664665493 0.01393314328
72 -0.197 0.5075562436 0.4997864613 0.007769782257
73 -0.186 0.5362217813 0.53489561 0.001326171288
74 -0.175 0.5663716814 0.5714719806 0.005100299147
75 -0.164 0.5979430758 0.6091455077 0.01120243185
76 -0.153 0.6308252772 0.6475044811 0.01667920392
77 -0.142 0.6648494116 0.6861029694 0.02125355782
78 -0.131 0.6997778205 0.7244690956 0.02469127506
79 -0.12 0.7352941176 0.7621139785 0.02681986088
80 -0.109 0.770995162 0.7985411426 0.02754598058
81 -0.098 0.8063865817 0.8332561873 0.02686960556
82 -0.087 0.8408837688 0.865776505 0.02489273613
83 -0.076 0.8738203425 0.8956408345 0.02182049192
84 -0.065 0.9044657999 0.9224184432 0.01795264336
85 -0.054 0.9320533134 0.9457177396 0.01366442614
86 -0.043 0.9558173433 0.965194129 0.009376785686
87 -0.032 0.9750390016 0.9805569462 0.005517944629
88 -0.021 0.9890952251 0.9915753144 0.002480089262
89 -0.01 0.9975062344 0.9980828064 0.0005765720074
90 0.001 0.9999750006 0.9999808082 5.807549674E-06
91 0.012 0.9964129135 0.9972405132 0.0008275996506
92 0.023 0.9869476178 0.9899035052 0.002955887466
93 0.034 0.9719117504 0.9780809173 0.006169166868
94 0.045 0.9518143962 0.961951184 0.01013678779
95 0.056 0.9272997033 0.941756436 0.01445673276
96 0.067 0.8990986536 0.917797613 0.01869895942
97 0.078 0.8679802101 0.8904283992 0.02244818919
98 0.089 0.8347071221 0.8600481118 0.02534098965
99 0.1 0.8 0.8270936937 0.02709369366
100 0.111 0.7645113817 0.7920309838 0.02751960211
101 0.122 0.7288098535 0.7553454522 0.02653559866
102 0.133 0.6933730867 0.7175326008 0.02415951412
103 0.144 0.6585879874 0.679088239 0.02050025167
104 0.155 0.6247559547 0.640498845 0.01574289034
105 0.166 0.5921013678 0.6022322268 0.010130859
106 0.177 0.5607817297 0.5647286864 0.003946956712
107 0.188 0.5308982799 0.528392887 0.002505392856
108 0.199 0.5025062499 0.4935866014 0.008919648498
109 0.21 0.4756242568 0.4606225088 0.01500174807
110 0.221 0.4502425682 0.4297591789 0.02048338927
111 0.232 0.4263301501 0.4011973602 0.02513278988
112 0.243 0.4038405234 0.375077657 0.02876286639
113 0.254 0.3827165219 0.3514796518 0.03123687006
114 0.265 0.3628940803 0.330422493 0.03247158731
115 0.276 0.3443051921 0.3118669349 0.03243825722
116 0.287 0.3268801739 0.295718782 0.03116139189
117 0.298 0.3105493618 0.281833653 0.02871570881
118 0.309 0.2952443516 0.2700229477 0.02522140387
119 0.32 0.2808988764 0.2600608673 0.02083800915
120 0.331 0.2674494019 0.2516923079 0.01575709405
121 0.342 0.2548355037 0.2446414242 0.01019407947
122 0.353 0.243000079 0.2386206344 0.004379444588
123 0.364 0.2318894351 0.2333398235 0.00145038842
124 0.375 0.2214532872 0.2285154907 0.007062203472
125 0.386 0.2116446909 0.2238795786 0.01223488771
126 0.397 0.2024199303 0.2191877282 0.01676779791
127 0.408 0.1937383757 0.2142267063 0.02048833056
128 0.419 0.1855623234 0.2088207726 0.02325844922
129 0.43 0.1778568253 0.2028367736 0.02497994839
130 0.441 0.1705895147 0.19618778 0.02559826528
131 0.452 0.1637304342 0.1888351233 0.02510468912
132 0.463 0.1572518664 0.1807887285 0.02353686207
133 0.474 0.1511281718 0.1721056874 0.02097751559
134 0.485 0.1453356345 0.1628870743 0.01755143981
135 0.496 0.139852316 0.1532730576 0.01342074161
136 0.507 0.1346579184 0.143436425 0.008778506562
137 0.518 0.1297336568 0.1335746973 0.00384104048
138 0.529 0.1250621403 0.1239010662 0.001161074011
139 0.54 0.1206272618 0.1146344479 0.005992813846
140 0.551 0.1164140966 0.1059889957 0.01042510086
141 0.562 0.1124088084 0.09816346114 0.01424534721
142 0.573 0.1085985627 0.09133082625 0.01726773645
143 0.584 0.1049714478 0.0856286563 0.01934279146
144 0.595 0.1015164012 0.0811506308 0.02036577044
145 0.606 0.09822314334 0.07793970581 0.02028343753
146 0.617 0.09508211529 0.07598333684 0.01909877845
147 0.628 0.092084423 0.0752111478 0.01687327519
148 0.639 0.08922178528 0.07549536708 0.0137264182
149 0.65 0.08648648649 0.07665426447 0.009832222013
150 0.661 0.08387133299 0.07845871336 0.005412619629
151 0.672 0.08136961333 0.08064187031 0.0007277430215
152 0.683 0.07897506165 0.08291181155 0.003936749905
153 0.694 0.07668182411 0.08496679405 0.008284969942
154 0.705 0.0744844281 0.08651262237 0.01202819427
155 0.716 0.07237775397 0.08728140627 0.0149036523
156 0.727 0.07035700905 0.08705079463 0.01669378557
157 0.738 0.06841770377 0.08566257838 0.01724487462
158 0.749 0.06655562969 0.08303937989 0.01648375019
159 0.76 0.06476683938 0.07919800202 0.01443116264
160 0.771 0.06304762775 0.07425791551 0.01121028776
161 0.782 0.06139451501 0.0684433367 0.007048821688
162 0.793 0.05980423085 0.06207741571 0.002273184859
163 0.804 0.05827369991 0.05556724428 0.002706455631
164 0.815 0.0568000284 0.04937873784 0.007421290557
165 0.826 0.05538049167 0.04400098521 0.01137950645
166 0.837 0.0540125228 0.03990043741 0.01411208539
167 0.848 0.05269370205 0.0374663743 0.01522732775
168 0.859 0.05142174703 0.0369505031 0.01447124393
169 0.87 0.0501945037 0.03840537185 0.01178913186
170 0.881 0.04900993799 0.04162859785 0.007381340143
171 0.892 0.04786612801 0.04612280051 0.001743327498
172 0.903 0.0467612569 0.05108468329 0.004323426397
173 0.914 0.04569360609 0.05544103578 0.009747429689
174 0.925 0.0446615492 0.0579546422 0.01329309301
175 0.936 0.04366354618 0.0574293159 0.01376576972
176 0.947 0.04269813804 0.05305067625 0.01035253821
177 0.958 0.04176394185 0.04490800398 0.003144062135
178 0.969 0.04085964609 0.03475272913 0.006106916968
179 0.98 0.0399840064 0.02706101769 0.01292298871
180 0.991 0.03913584148 0.03048174065 0.00865410083
