# Numero de nodos n =4 
0 -0.98 0.0399840064 -0.04956180371 0.08954581011
1 -0.969 0.04085964609 -0.09287775358 0.1337373997
2 -0.958 0.04176394185 -0.1327082238 0.1744721657
3 -0.947 0.04269813804 -0.1691552637 0.2118534017
4 -0.936 0.04366354618 -0.2023197572 0.2459833034
5 -0.925 0.0446615492 -0.2323014237 0.2769629729
6 -0.914 0.04569360609 -0.2591988169 0.304892423
7 -0.903 0.0467612569 -0.283109326 0.3298705829
8 -0.892 0.04786612801 -0.3041291747 0.3519953028
9 -0.881 0.04900993799 -0.322353422 0.37136336
10 -0.87 0.0501945037 -0.3378759615 0.3880704652
11 -0.859 0.05142174703 -0.350789522 0.402211269
12 -0.848 0.05269370205 -0.3611856671 0.4138793691
13 -0.837 0.0540125228 -0.3691547952 0.423167318
14 -0.826 0.05538049167 -0.37478614 0.4301666317
15 -0.815 0.0568000284 -0.3781677698 0.4349677982
16 -0.804 0.05827369991 -0.379386588 0.4376602879
17 -0.793 0.05980423085 -0.3785283329 0.4383325637
18 -0.782 0.06139451501 -0.3756775777 0.4370720927
19 -0.771 0.06304762775 -0.3709177305 0.4339653583
20 -0.76 0.06476683938 -0.3643310345 0.4290978739
21 -0.749 0.06655562969 -0.3559985676 0.4225541973
22 -0.738 0.06841770377 -0.3460002429 0.4144179467
23 -0.727 0.07035700905 -0.3344148082 0.4047718173
24 -0.716 0.07237775397 -0.3213198464 0.3936976003
25 -0.705 0.0744844281 -0.3067917751 0.3812762032
26 -0.694 0.07668182411 -0.2909058472 0.3675876713
27 -0.683 0.07897506165 -0.2737361501 0.3527112118
28 -0.672 0.08136961333 -0.2553556066 0.3367252199
29 -0.661 0.08387133299 -0.235835974 0.319707307
30 -0.65 0.08648648649 -0.2152478448 0.3017343313
31 -0.639 0.08922178528 -0.1936606464 0.2828824317
32 -0.628 0.092084423 -0.1711426411 0.2632270641
33 -0.617 0.09508211529 -0.147760926 0.2428430413
34 -0.606 0.09822314334 -0.1235814334 0.2218045767
35 -0.595 0.1015164012 -0.09866893029 0.2001853315
36 -0.584 0.1049714478 -0.07308701878 0.1780584665
37 -0.573 0.1085985627 -0.04689813581 0.1554966985
38 -0.562 0.1124088084 -0.02016355326 0.1325723616
39 -0.551 0.1164140966 0.007056622019 0.1093574746
40 -0.54 0.1206272618 0.03470344828 0.08592381349
41 -0.529 0.1250621403 0.06271914881 0.06234299144
42 -0.518 0.1297336568 0.09104711199 0.03868654481
43 -0.507 0.1346579184 0.1196318912 0.01502602714
44 -0.496 0.139852316 0.1484192051 0.008566889138
45 -0.485 0.1453356345 0.1773559371 0.0320203026
46 -0.474 0.1511281718 0.2063901359 0.05526196406
47 -0.463 0.1572518664 0.2354710151 0.07821914874
48 -0.452 0.1637304342 0.2645489536 0.1008185194
49 -0.441 0.1705895147 0.2935754952 0.1229859805
50 -0.43 0.1778568253 0.3225033488 0.1446465236
51 -0.419 0.1855623234 0.3512863883 0.1657240649
52 -0.408 0.1937383757 0.3798796528 0.1861412771
53 -0.397 0.2024199303 0.4082393464 0.2058194162
54 -0.386 0.2116446909 0.4363228382 0.2246781474
55 -0.375 0.2214532872 0.4640886625 0.2426353754
56 -0.364 0.2318894351 0.4914965186 0.2596070835
57 -0.353 0.243000079 0.5185072708 0.2755071919
58 -0.342 0.2548355037 0.5450829486 0.2902474449
59 -0.331 0.2674494019 0.5711867464 0.3037373445
60 -0.32 0.2808988764 0.5967830239 0.3158841475
61 -0.309 0.2952443516 0.6218373056 0.326592954
62 -0.298 0.3105493618 0.6463162812 0.3357669194
63 -0.287 0.3268801739 0.6701878056 0.3433076317
64 -0.276 0.3443051921 0.6934208985 0.3491157063
65 -0.265 0.3628940803 0.7159857448 0.3530916645
66 -0.254 0.3827165219 0.7378536945 0.3551371726
67 -0.243 0.4038405234 0.7589972626 0.3551567392
68 -0.232 0.4263301501 0.7793901292 0.3530599792
69 -0.221 0.4502425682 0.7990071395 0.3487645713
70 -0.21 0.4756242568 0.8178243037 0.3422000469
71 -0.199 0.5025062499 0.8358187971 0.3333125472
72 -0.188 0.5308982799 0.85296896 0.3220706801
73 -0.177 0.5607817297 0.8692542979 0.3084725682
74 -0.166 0.5921013678 0.8846554812 0.2925541135
75 -0.155 0.6247559547 0.8991543456 0.2743983909
76 -0.144 0.6585879874 0.9127338916 0.2541459042
77 -0.133 0.6933730867 0.9253782849 0.2320051982
78 -0.122 0.7288098535 0.9370728563 0.2082630028
79 -0.111 0.7645113817 0.9478041016 0.1832927199
80 -0.1 0.8 0.9575596817 0.1575596817
81 -0.089 0.8347071221 0.9663284225 0.1316213004
82 -0.078 0.8679802101 0.9741003152 0.1061201051
83 -0.067 0.8990986536 0.9808665157 0.08176786205
84 -0.056 0.9272997033 0.9866193451 0.05931964188
85 -0.045 0.9518143962 0.9913522899 0.03953789368
86 -0.034 0.9719117504 0.9950600011 0.0231482507
87 -0.023 0.9869476178 0.9977382952 0.01079067747
88 -0.012 0.9964129135 0.9993841536 0.002971240123
89 -0.001 0.9999750006 0.9999957228 2.072219E-05
90 0.01 0.9975062344 0.9995723143 0.00206607991
91 0.021 0.9890952251 0.9981144048 0.009019179635
92 0.032 0.9750390016 0.9956236359 0.0205846343
93 0.043 0.9558173433 0.9921028143 0.03628547102
94 0.054 0.9320533134 0.987555912 0.05550259854
95 0.065 0.9044657999 0.9819880657 0.07752226585
96 0.076 0.8738203425 0.9754055775 0.101585235
97 0.087 0.8408837688 0.9678159143 0.1269321455
98 0.098 0.8063865817 0.9592277083 0.1528411265
99 0.109 0.770995162 0.9496507565 0.1786555945
100 0.12 0.7352941176 0.9390960212 0.2038019036
101 0.131 0.6997778205 0.9275756297 0.2277978092
102 0.142 0.6648494116 0.9151028743 0.2502534627
103 0.153 0.6308252772 0.9016922125 0.2708669353
104 0.164 0.5979430758 0.8873592666 0.2894161908
105 0.175 0.5663716814 0.8721208244 0.3057491429
106 0.186 0.5362217813 0.8559948382 0.3197730569
107 0.197 0.5075562436 0.839000426 0.3314441824
108 0.208 0.4803996925 0.8211578703 0.3407581778
109 0.219 0.4547469901 0.8024886191 0.347741629
110 0.23 0.4305705059 0.7830152851 0.3524447792
111 0.241 0.4078261845 0.7627616464 0.3549354619
112 0.252 0.3864584944 0.7417526459 0.3552941516
113 0.263 0.3664043822 0.7200143918 0.3536100096
114 0.274 0.3475963711 0.6975741571 0.349977786
115 0.285 0.3299649412 0.6744603801 0.3444954388
116 0.296 0.313440321 0.650702664 0.337262343
117 0.307 0.2979538023 0.6263317772 0.3283779749
118 0.318 0.283438678 0.6013796531 0.3179409751
119 0.329 0.2698308835 0.5758793902 0.3060485067
120 0.34 0.2570694087 0.549865252 0.2927958432
121 0.351 0.2450965374 0.5233726671 0.2782761297
122 0.362 0.2338579547 0.4964382292 0.2625802746
123 0.373 0.2233027595 0.4690996971 0.2457969376
124 0.384 0.2133834073 0.4413959945 0.2280125872
125 0.395 0.2040556052 0.4133672103 0.2093116051
126 0.406 0.1952781738 0.3850545985 0.1897764247
127 0.417 0.1870128899 0.356500578 0.1694876881
128 0.428 0.1792243172 0.3277487329 0.1485244158
129 0.439 0.1718796327 0.2988438125 0.1269641798
130 0.45 0.1649484536 0.2698317308 0.1048832772
131 0.461 0.1584026675 0.2407595671 0.08235689961
132 0.472 0.1522162689 0.2116755658 0.05945929696
133 0.483 0.1463652031 0.1826291363 0.03626393321
134 0.494 0.1408272191 0.1536708531 0.01284363402
135 0.505 0.1355817304 0.1248524557 0.01072927471
136 0.516 0.130609686 0.09622684859 0.03438283742
137 0.527 0.1258934501 0.06784810159 0.05804534848
138 0.538 0.1214166899 0.03977144939 0.08164524055
139 0.549 0.1171642731 0.01205329178 0.1051109813
140 0.56 0.1131221719 -0.01524880637 0.1283709783
141 0.571 0.109277376 -0.04207611512 0.1513534911
142 0.582 0.1056178114 -0.06836873947 0.1739865509
143 0.593 0.1021322664 -0.09406561936 0.1961978858
144 0.604 0.0988103237 -0.1191045297 0.2179148534
145 0.615 0.09564229781 -0.1434220802 0.239064378
146 0.626 0.09261917773 -0.1669537156 0.2595728933
147 0.637 0.08973257449 -0.1896337156 0.2793662901
148 0.648 0.08697467298 -0.2113951949 0.2983698679
149 0.659 0.0843381877 -0.2321701029 0.3165082906
150 0.67 0.08181632236 -0.2518892241 0.3337055465
151 0.681 0.07940273265 -0.270482178 0.3498849106
152 0.692 0.07709149218 -0.2878774188 0.364968911
153 0.703 0.07487706123 -0.3040022358 0.378879297
154 0.714 0.07275425794 -0.3187827533 0.3915370112
155 0.725 0.07071823204 -0.3321439303 0.4028621623
156 0.736 0.06876444053 -0.344009561 0.4127740015
157 0.747 0.06688862542 -0.3543022743 0.4211908997
158 0.758 0.06508679324 -0.3629435342 0.4280303274
159 0.769 0.06335519616 -0.3698536395 0.4332088357
160 0.78 0.06169031462 -0.3749517241 0.4366420388
161 0.791 0.06008884135 -0.3781557568 0.4382445981
162 0.802 0.05854766658 -0.3793825411 0.4379302076
163 0.813 0.05706386445 -0.3785477156 0.4356115801
164 0.824 0.05563468043 -0.3755657541 0.4312004345
165 0.835 0.05425751975 -0.3703499648 0.4246074845
166 0.846 0.05292993664 -0.3628124912 0.4157424278
167 0.857 0.05164962444 -0.3528643117 0.4045139361
168 0.868 0.05041440642 -0.3404152395 0.3908296459
169 0.879 0.04922222728 -0.3253739228 0.3745961501
170 0.89 0.0480711453 -0.3076478448 0.3557189901
171 0.901 0.04695932501 -0.2871433236 0.3341026486
172 0.912 0.04588503047 -0.2637655121 0.3096505426
173 0.923 0.04484661896 -0.2374183984 0.2822650174
174 0.934 0.04384253515 -0.2080048053 0.2518473404
175 0.945 0.0428713057 -0.1754263905 0.2182976962
176 0.956 0.04193153419 -0.1395836469 0.1815151811
177 0.967 0.04102189646 -0.1003759021 0.1413977986
178 0.978 0.04014113624 -0.05770131878 0.09784245501
179 0.989 0.03928806105 -0.01145689443 0.05074495547
180 1 0.03846153846 0.03846153846 1.387778781E-16


# Numero de nodos n =8 
0 -0.98 0.0399840064 -0.4780595354 0.5180435418
1 -0.969 0.04085964609 -0.6736770633 0.7145367094
2 -0.958 0.04176394185 -0.816649735 0.8584136769
3 -0.947 0.04269813804 -0.9141202702 0.9568184083
4 -0.936 0.04366354618 -0.972594582 1.016258128
5 -0.925 0.0446615492 -0.9979806422 1.042642191
6 -0.914 0.04569360609 -0.9956257586 1.041319365
7 -0.903 0.0467612569 -0.9703523029 1.01711356
8 -0.892 0.04786612801 -0.9264919286 0.9743580566
9 -0.881 0.04900993799 -0.8679183193 0.9169282573
10 -0.87 0.0501945037 -0.7980785031 0.8482730068
11 -0.859 0.05142174703 -0.7200227733 0.7714445204
12 -0.848 0.05269370205 -0.6364332513 0.6891269534
13 -0.837 0.0540125228 -0.5496511296 0.6036636524
14 -0.826 0.05538049167 -0.4617026304 0.5170831221
15 -0.815 0.0568000284 -0.3743237171 0.4311237455
16 -0.804 0.05827369991 -0.2889835927 0.3472572926
17 -0.793 0.05980423085 -0.2069070215 0.2667112523
18 -0.782 0.06139451501 -0.1290955079 0.1904900229
19 -0.771 0.06304762775 -0.05634736689 0.1193949946
20 -0.76 0.06476683938 0.01072328016 0.05404355922
21 -0.749 0.06655562969 0.07166855172 0.005112922031
22 -0.738 0.06841770377 0.1261898606 0.05777215687
23 -0.727 0.07035700905 0.1741219454 0.1037649364
24 -0.716 0.07237775397 0.2154178462 0.1430400922
25 -0.705 0.0744844281 0.2501347941 0.175650366
26 -0.694 0.07668182411 0.2784209826 0.2017391585
27 -0.683 0.07897506165 0.3005031917 0.22152813
28 -0.672 0.08136961333 0.3166752332 0.2353056199
29 -0.661 0.08387133299 0.3272871892 0.2434158562
30 -0.65 0.08648648649 0.3327354135 0.246248927
31 -0.639 0.08922178528 0.3334532684 0.2442314831
32 -0.628 0.092084423 0.329902568 0.237818145
33 -0.617 0.09508211529 0.3225657003 0.227483585
34 -0.606 0.09822314334 0.311938402 0.2137152587
35 -0.595 0.1015164012 0.298523158 0.1970067568
36 -0.584 0.1049714478 0.2828231996 0.1778517518
37 -0.573 0.1085985627 0.2653370763 0.1567385136
38 -0.562 0.1124088084 0.2465537756 0.1341449672
39 -0.551 0.1164140966 0.2269483648 0.1105342682
40 -0.54 0.1206272618 0.2069781325 0.08635087075
41 -0.529 0.1250621403 0.1870792039 0.06201706369
42 -0.518 0.1297336568 0.1676636076 0.03792995081
43 -0.507 0.1346579184 0.1491167702 0.0144588518
44 -0.496 0.139852316 0.1317954169 0.00805689908
45 -0.485 0.1453356345 0.1160258552 0.02930977929
46 -0.474 0.1511281718 0.1021026208 0.04902555105
47 -0.463 0.1572518664 0.09028746368 0.0669644027
48 -0.452 0.1637304342 0.080808655 0.08292177921
49 -0.441 0.1705895147 0.07386059293 0.09672892178
50 -0.43 0.1778568253 0.06960368909 0.1082531362
51 -0.419 0.1855623234 0.06816451547 0.117397808
52 -0.408 0.1937383757 0.06963619334 0.1241021824
53 -0.397 0.2024199303 0.07407900559 0.1283409247
54 -0.386 0.2116446909 0.08152121477 0.1301234761
55 -0.375 0.2214532872 0.09196006918 0.129493218
56 -0.364 0.2318894351 0.1053629803 0.1265264548
57 -0.353 0.243000079 0.1216688548 0.1213312242
58 -0.342 0.2548355037 0.140789565 0.1140459387
59 -0.331 0.2674494019 0.1626115429 0.104837859
60 -0.32 0.2808988764 0.1869974815 0.09390139493
61 -0.309 0.2952443516 0.2137881296 0.081456222
62 -0.298 0.3105493618 0.2428041659 0.06774519587
63 -0.287 0.3268801739 0.2738481382 0.0530320357
64 -0.276 0.3443051921 0.3067064543 0.03759873779
65 -0.265 0.3628940803 0.3411514131 0.02174266715
66 -0.254 0.3827165219 0.3769432616 0.005773260222
67 -0.243 0.4038405234 0.4138322677 0.009991744278
68 -0.232 0.4263301501 0.4515607958 0.02523064572
69 -0.221 0.4502425682 0.4898653763 0.03962280816
70 -0.21 0.4756242568 0.5284787562 0.05285449941
71 -0.199 0.5025062499 0.5671319222 0.06462567232
72 -0.188 0.5308982799 0.6055560867 0.07465780681
73 -0.177 0.5607817297 0.6434846269 0.0827028972
74 -0.166 0.5921013678 0.6806549695 0.0885536017
75 -0.155 0.6247559547 0.716810411 0.09205445625
76 -0.144 0.6585879874 0.7517018684 0.093113881
77 -0.133 0.6933730867 0.7850895506 0.09171646388
78 -0.122 0.7288098535 0.8167445456 0.08793469213
79 -0.111 0.7645113817 0.8464503159 0.08193893426
80 -0.1 0.8 0.874004097 0.07400409703
81 -0.089 0.8347071221 0.8992181936 0.06451107147
82 -0.078 0.8679802101 0.9219211681 0.053940958
83 -0.067 0.8990986536 0.9419589172 0.04286026364
84 -0.056 0.9272997033 0.9591956335 0.03189593022
85 -0.045 0.9518143962 0.9735146461 0.0217002499
86 -0.034 0.9719117504 0.9848191405 0.01290739013
87 -0.023 0.9869476178 0.9930327526 0.006085134814
88 -0.012 0.9964129135 0.9981000352 0.001687121717
89 -0.001 0.9999750006 0.999986797 1.179640184E-05
90 0.01 0.9975062344 0.9986803101 0.001174075701
91 0.021 0.9890952251 0.9941893877 0.005094162562
92 0.032 0.9750390016 0.9865443305 0.01150532891
93 0.043 0.9558173433 0.9757967421 0.01997939878
94 0.054 0.9320533134 0.9620192146 0.0299659012
95 0.065 0.9044657999 0.9453048849 0.04083908505
96 0.076 0.8738203425 0.9257668633 0.05194652077
97 0.087 0.8408837688 0.903537537 0.06265376818
98 0.098 0.8063865817 0.8787677508 0.07238116906
99 0.109 0.770995162 0.8516258672 0.08063070524
100 0.12 0.7352941176 0.822296711 0.08700259331
101 0.131 0.6997778205 0.7909803999 0.09120257931
102 0.142 0.6648494116 0.7578910683 0.09304165673
103 0.153 0.6308252772 0.7232554871 0.09243020988
104 0.164 0.5979430758 0.6873115845 0.08936850866
105 0.175 0.5663716814 0.6503068762 0.08393519477
106 0.186 0.5362217813 0.612496808 0.07627502664
107 0.197 0.5075562436 0.5741430195 0.06658677589
108 0.208 0.4803996925 0.5355115355 0.055111843
109 0.219 0.4547469901 0.496870893 0.04212390283
110 0.23 0.4305705059 0.4584902104 0.0279197045
111 0.241 0.4078261845 0.4206372105 0.01281102604
112 0.252 0.3864584944 0.3835762027 0.002882291621
113 0.263 0.3664043822 0.3475660367 0.01883834549
114 0.274 0.3475963711 0.3128580359 0.03473833515
115 0.285 0.3299649412 0.2796939222 0.05027101901
116 0.296 0.313440321 0.2483037416 0.06513657937
117 0.307 0.2979538023 0.2189038034 0.07904999886
118 0.318 0.283438678 0.1916946439 0.09174403418
119 0.329 0.2698308835 0.1668590268 0.1029718567
120 0.34 0.2570694087 0.1445599939 0.1125094148
121 0.351 0.2450965374 0.124938978 0.1201575594
122 0.362 0.2338579547 0.108113993 0.1257439617
123 0.373 0.2233027595 0.09417791374 0.1291248457
124 0.384 0.2133834073 0.08319686216 0.1301865451
125 0.395 0.2040556052 0.07520871285 0.1288468923
126 0.406 0.1952781738 0.07022173467 0.1250564391
127 0.417 0.1870128899 0.06821338413 0.1187995057
128 0.428 0.1792243172 0.06912926679 0.1100950504
129 0.439 0.1718796327 0.07288228382 0.09899734887
130 0.45 0.1649484536 0.07935198088 0.08559647273
131 0.461 0.1584026675 0.08838411728 0.07001855022
132 0.472 0.1522162689 0.09979047362 0.05242579525
133 0.483 0.1463652031 0.1133489167 0.0330162864
134 0.494 0.1408272191 0.1288037411 0.01202347799
135 0.505 0.1355817304 0.1458663063 0.01028457597
136 0.516 0.130609686 0.1642159912 0.03360630514
137 0.527 0.1258934501 0.1835014841 0.05760803403
138 0.538 0.1214166899 0.2033424323 0.08192574238
139 0.549 0.1171642731 0.2233314698 0.1061671967
140 0.56 0.1131221719 0.2430366473 0.1299144753
141 0.571 0.109277376 0.2620042858 0.1527269097
142 0.582 0.1056178114 0.2797622777 0.1741444663
143 0.593 0.1021322664 0.2958238572 0.1936915909
144 0.604 0.0988103237 0.3096918662 0.2108815425
145 0.615 0.09564229781 0.320863537 0.2252212391
146 0.626 0.09261917773 0.3288358198 0.2362166421
147 0.637 0.08973257449 0.3331112781 0.2433787036
148 0.648 0.08697467298 0.3332045778 0.2462299048
149 0.659 0.0843381877 0.3286495978 0.2443114101
150 0.67 0.08181632236 0.3190071866 0.2371908643
151 0.681 0.07940273265 0.3038735936 0.2244708609
152 0.692 0.07709149218 0.2828896018 0.2057981096
153 0.703 0.07487706123 0.2557503907 0.1808733295
154 0.714 0.07275425794 0.2222161572 0.1494618992
155 0.725 0.07071823204 0.182123523 0.1114052909
156 0.736 0.06876444053 0.1353977599 0.06663331934
157 0.747 0.06688862542 0.08206586063 0.01517723521
158 0.758 0.06508679324 0.02227048704 0.0428163062
159 0.769 0.06335519616 -0.04371517444 0.1070703706
160 0.78 0.06169031462 -0.115471618 0.1771619326
161 0.791 0.06008884135 -0.1924162533 0.2525050946
162 0.802 0.05854766658 -0.2737856369 0.3323333035
163 0.813 0.05706386445 -0.3586166688 0.4156805333
164 0.824 0.05563468043 -0.4457267199 0.5013614003
165 0.835 0.05425751975 -0.5336926567 0.5879501765
166 0.846 0.05292993664 -0.6208287309 0.6737586676
167 0.857 0.05164962444 -0.7051632964 0.7568129209
168 0.868 0.05041440642 -0.784414322 0.8348287284
169 0.879 0.04922222728 -0.8559636614 0.9051858887
170 0.89 0.0480711453 -0.9168300471 0.9649011924
171 0.901 0.04695932501 -0.9636407698 1.010600095
172 0.912 0.04588503047 -0.9926020076 1.038487038
173 0.923 0.04484661896 -0.9994677673 1.044314386
174 0.934 0.04384253515 -0.9795074004 1.023349936
175 0.945 0.0428713057 -0.9274716548 0.9703429605
176 0.956 0.04193153419 -0.8375572242 0.8794887584
177 0.967 0.04102189646 -0.7033697559 0.7443916523
178 0.978 0.04014113624 -0.5178852768 0.5580264131
179 0.989 0.03928806105 -0.2734099989 0.31269806
180 1 0.03846153846 0.03846153846 1.257327575E-14


# Numero de nodos n =16 
0 -0.98 0.0399840064 -12.73457366 12.77455767
1 -0.969 0.04085964609 -14.32149015 14.3623498
2 -0.958 0.04176394185 -13.80519608 13.84696002
3 -0.947 0.04269813804 -12.10328946 12.1459876
4 -0.936 0.04366354618 -9.851827327 9.895490873
5 -0.925 0.0446615492 -7.473921949 7.518583498
6 -0.914 0.04569360609 -5.23449615 5.280189756
7 -0.903 0.0467612569 -3.2835499 3.330311157
8 -0.892 0.04786612801 -1.689951949 1.737818077
9 -0.881 0.04900993799 -0.4674729419 0.5164828799
10 -0.87 0.0501945037 0.4054838671 0.3552893634
11 -0.859 0.05142174703 0.9712254515 0.9198037045
12 -0.848 0.05269370205 1.28215416 1.229460458
13 -0.837 0.0540125228 1.393335195 1.339322672
14 -0.826 0.05538049167 1.3575342 1.302153708
15 -0.815 0.0568000284 1.222139659 1.16533963
16 -0.804 0.05827369991 1.027493342 0.9692196426
17 -0.793 0.05980423085 0.8062443269 0.746440096
18 -0.782 0.06139451501 0.5834201226 0.5220256076
19 -0.771 0.06304762775 0.3769740264 0.3139263986
20 -0.76 0.06476683938 0.1986224598 0.1338556204
21 -0.749 0.06655562969 0.05483129964 0.01172433005
22 -0.738 0.06841770377 -0.05215272831 0.1205704321
23 -0.727 0.07035700905 -0.1232994562 0.1936564652
24 -0.716 0.07237775397 -0.1618712775 0.2342490314
25 -0.705 0.0744844281 -0.1726085584 0.2470929865
26 -0.694 0.07668182411 -0.1610405769 0.237722401
27 -0.683 0.07897506165 -0.1329270024 0.211902064
28 -0.672 0.08136961333 -0.09382679801 0.1751964113
29 -0.661 0.08387133299 -0.04878573357 0.1326570666
30 -0.65 0.08648648649 -0.002129975969 0.08861646246
31 -0.639 0.08922178528 0.04264892233 0.04657286295
32 -0.628 0.092084423 0.08293323233 0.009151190669
33 -0.617 0.09508211529 0.1169580271 0.02187591181
34 -0.606 0.09822314334 0.1437447839 0.04552164061
35 -0.595 0.1015164012 0.1630032569 0.06148685565
36 -0.584 0.1049714478 0.1750137386 0.07004229081
37 -0.573 0.1085985627 0.18050012 0.07190155729
38 -0.562 0.1124088084 0.1805023732 0.06809356487
39 -0.551 0.1164140966 0.1762553125 0.05984121587
40 -0.54 0.1206272618 0.1690787969 0.04845153511
41 -0.529 0.1250621403 0.1602829758 0.03522083559
42 -0.518 0.1297336568 0.1510907716 0.02135711478
43 -0.507 0.1346579184 0.1425785717 0.007920653261
44 -0.496 0.139852316 0.1356350704 0.004217245548
45 -0.485 0.1453356345 0.1309373586 0.01439827593
46 -0.474 0.1511281718 0.1289427075 0.02218546429
47 -0.463 0.1572518664 0.1298940205 0.02735784584
48 -0.452 0.1637304342 0.1338366117 0.02989382248
49 -0.441 0.1705895147 0.1406438096 0.0299457051
50 -0.43 0.1778568253 0.150048847 0.02780797824
51 -0.419 0.1855623234 0.1616805718 0.0238817516
52 -0.408 0.1937383757 0.1751006764 0.01863769925
53 -0.397 0.2024199303 0.1898403762 0.01257955403
54 -0.386 0.2116446909 0.2054347517 0.006209939229
55 -0.375 0.2214532872 0.2214532872 0
56 -0.364 0.2318894351 0.2375254765 0.005636041348
57 -0.353 0.243000079 0.253360704 0.01036062498
58 -0.342 0.2548355037 0.2687619456 0.01392644194
59 -0.331 0.2674494019 0.2836331443 0.01618374236
60 -0.32 0.2808988764 0.2979804013 0.01708152491
61 -0.309 0.2952443516 0.3119073782 0.0166630266
62 -0.298 0.3105493618 0.3256055136 0.01505615176
63 -0.287 0.3268801739 0.339339832 0.0124596581
64 -0.276 0.3443051921 0.353431247 0.009126054849
65 -0.265 0.3628940803 0.3682363432 0.005342262883
66 -0.254 0.3827165219 0.3841256625 0.001409140633
67 -0.243 0.4038405234 0.4014615178 0.002379005547
68 -0.232 0.4263301501 0.4205763205 0.005753829597
69 -0.221 0.4502425682 0.4417523366 0.00849023159
70 -0.21 0.4756242568 0.4652036885 0.0104205683
71 -0.199 0.5025062499 0.4910612948 0.01144495513
72 -0.188 0.5308982799 0.5193613025 0.01153697741
73 -0.177 0.5607817297 0.5500374139 0.01074431581
74 -0.166 0.5921013678 0.5829173503 0.009184017495
75 -0.155 0.6247559547 0.6177235351 0.007032419625
76 -0.144 0.6585879874 0.6540779248 0.004510062562
77 -0.133 0.6933730867 0.6915107648 0.001862321946
78 -0.122 0.7288098535 0.7294729153 0.0006630618311
79 -0.111 0.7645113817 0.7673512728 0.002839891152
80 -0.1 0.8 0.8044867117 0.004486711701
81 -0.089 0.8347071221 0.8401938961 0.005486773929
82 -0.078 0.8679802101 0.873782254 0.005802043999
83 -0.067 0.8990986536 0.9045773791 0.005478725545
84 -0.056 0.9272997033 0.9319421165 0.004642413221
85 -0.045 0.9518143962 0.9552966108 0.003482214598
86 -0.034 0.9719117504 0.9741366343 0.002224883918
87 -0.023 0.9869476178 0.9880495761 0.001101958394
88 -0.012 0.9964129135 0.9967275559 0.0003146424253
89 -0.001 0.9999750006 0.9999772244 2.223799556E-06
90 0.01 0.9975062344 0.997725924 0.0002196895826
91 0.021 0.9890952251 0.9900240049 0.0009287797153
92 0.032 0.9750390016 0.9770432199 0.002004218356
93 0.043 0.9558173433 0.9590712516 0.003253908313
94 0.054 0.9320533134 0.9365025525 0.004449239079
95 0.065 0.9044657999 0.9098258044 0.00536000454
96 0.076 0.8738203425 0.8796084147 0.005788072113
97 0.087 0.8408837688 0.8464785695 0.005594800661
98 0.098 0.8063865817 0.8111054499 0.004718868161
99 0.109 0.770995162 0.774178281 0.003183118952
100 0.12 0.7352941176 0.7363849331 0.001090815477
101 0.131 0.6997778205 0.6983908147 0.001387005817
102 0.142 0.6648494116 0.6608187954 0.0040306162
103 0.153 0.6308252772 0.6242308737 0.006594403438
104 0.164 0.5979430758 0.5891122524 0.0088308234
105 0.175 0.5663716814 0.5558584112 0.01051327026
106 0.186 0.5362217813 0.5247656712 0.01145611012
107 0.197 0.5075562436 0.4960256306 0.01153061294
108 0.208 0.4803996925 0.4697237169 0.01067597567
109 0.219 0.4547469901 0.4458419573 0.008905032838
110 0.23 0.4305705059 0.4242659138 0.006304592071
111 0.241 0.4078261845 0.4047955678 0.003030616686
112 0.252 0.3864584944 0.3871597817 0.0007012872974
113 0.263 0.3664043822 0.3710338113 0.004629429057
114 0.274 0.3475963711 0.3560591985 0.008462827456
115 0.285 0.3299649412 0.3418652499 0.01190030864
116 0.296 0.313440321 0.3280912004 0.01465087944
117 0.307 0.2979538023 0.3144080896 0.01645428733
118 0.318 0.283438678 0.3005393276 0.01710064958
119 0.329 0.2698308835 0.2862789257 0.01644804222
120 0.34 0.2570694087 0.2715063949 0.01443698616
121 0.351 0.2450965374 0.2561973925 0.01110085506
122 0.362 0.2338579547 0.2404293137 0.006571359009
123 0.373 0.2233027595 0.224381189 0.0010784295
124 0.384 0.2133834073 0.2083274511 0.005055956244
125 0.395 0.2040556052 0.1926253826 0.01143022251
126 0.406 0.1952781738 0.1776963338 0.01758183992
127 0.417 0.1870128899 0.1640011089 0.02301178095
128 0.428 0.1792243172 0.1520102503 0.02721406685
129 0.439 0.1718796327 0.1421702886 0.02970934411
130 0.45 0.1649484536 0.134867365 0.03008108864
131 0.461 0.1584026675 0.1303899559 0.02801271165
132 0.472 0.1522162689 0.1288927207 0.02332354818
133 0.483 0.1463652031 0.1303637378 0.01600146537
134 0.494 0.1408272191 0.1345975696 0.006229649516
135 0.505 0.1355817304 0.1411766906 0.00559496022
136 0.516 0.130609686 0.1494637959 0.01885410984
137 0.527 0.1258934501 0.1586073698 0.03271391968
138 0.538 0.1214166899 0.1675626111 0.04614592113
139 0.549 0.1171642731 0.1751293669 0.05796509385
140 0.56 0.1131221719 0.1800081089 0.06688593696
141 0.571 0.109277376 0.1808741787 0.07159680271
142 0.582 0.1056178114 0.1764695343 0.0708517229
143 0.593 0.1021322664 0.1657100358 0.06357776941
144 0.604 0.0988103237 0.147804941 0.04899461732
145 0.615 0.09564229781 0.1223837399 0.02674144205
146 0.626 0.09261917773 0.08962378863 0.002995389095
147 0.637 0.08973257449 0.05037044365 0.03936213084
148 0.648 0.08697467298 0.006239607288 0.08073506569
149 0.659 0.0843381877 -0.04030913148 0.1246473192
150 0.67 0.08181632236 -0.08594215046 0.1677584728
151 0.681 0.07940273265 -0.1264789072 0.2058816399
152 0.692 0.07709149218 -0.1569919979 0.2340834901
153 0.703 0.07487706123 -0.1719958159 0.2468728771
154 0.714 0.07275425794 -0.1657387379 0.2384929959
155 0.725 0.07071823204 -0.1326118683 0.2033301003
156 0.736 0.06876444053 -0.06768396257 0.1364484031
157 0.747 0.06688862542 0.03263314722 0.0342554782
158 0.758 0.06508679324 0.169791958 0.1047051648
159 0.769 0.06335519616 0.3422033828 0.2788481866
160 0.78 0.06169031462 0.5442453633 0.4825550487
161 0.791 0.06008884135 0.7652319979 0.7051431565
162 0.802 0.05854766658 0.9884122559 0.9298645893
163 0.813 0.05706386445 1.19009625 1.133032385
164 0.824 0.05563468043 1.33904275 1.28340807
165 0.835 0.05425751975 1.396285291 1.342027771
166 0.846 0.05292993664 1.31562705 1.262697113
167 0.857 0.05164962444 1.045098165 0.9934485409
168 0.868 0.05041440642 0.5297447763 0.4793303699
169 0.879 0.04922222728 -0.2837913817 0.3330136089
170 0.89 0.0480711453 -1.440338558 1.488409703
171 0.901 0.04695932501 -2.966218081 3.013177406
172 0.912 0.04588503047 -4.855393511 4.901278542
173 0.923 0.04484661896 -7.050747628 7.095594247
174 0.934 0.04384253515 -9.419296432 9.463138967
175 0.945 0.0428713057 -11.71992773 11.76279903
176 0.956 0.04193153419 -13.56199779 13.60392933
177 0.967 0.04102189646 -14.35282939 14.39385129
178 0.978 0.04014113624 -13.23182369 13.27196482
179 0.989 0.03928806105 -8.988523325 9.027811386
180 1 0.03846153846 0.03846153845 9.6546382E-12


# Numero de nodos n =32 
0 -0.98 0.0399840064 -4665.052237 4665.092221
1 -0.969 0.04085964609 -3002.771664 3002.812524
2 -0.958 0.04176394185 -1442.594009 1442.635773
3 -0.947 0.04269813804 -444.6080833 444.6507815
4 -0.936 0.04366354618 42.94150239 42.89783884
5 -0.925 0.0446615492 201.2170877 201.1724261
6 -0.914 0.04569360609 193.9496242 193.9039306
7 -0.903 0.0467612569 128.9160347 128.8692735
8 -0.892 0.04786612801 62.41741072 62.36954459
9 -0.881 0.04900993799 15.83214212 15.78313218
10 -0.87 0.0501945037 -8.559067019 8.609261523
11 -0.859 0.05142174703 -16.40766352 16.45908527
12 -0.848 0.05269370205 -14.8686339 14.9213276
13 -0.837 0.0540125228 -9.679153971 9.733166494
14 -0.826 0.05538049167 -4.372971869 4.428352361
15 -0.815 0.0568000284 -0.553979019 0.6107790474
16 -0.804 0.05827369991 1.467256866 1.408983166
17 -0.793 0.05980423085 2.049495922 1.989691691
18 -0.782 0.06139451501 1.763544329 1.702149814
19 -0.771 0.06304762775 1.126466066 1.063418438
20 -0.76 0.06476683938 0.4908008479 0.4260340085
21 -0.749 0.06655562969 0.03413318451 0.03242244518
22 -0.738 0.06841770377 -0.200850595 0.2692682988
23 -0.727 0.07035700905 -0.2517203244 0.3220773335
24 -0.716 0.07237775397 -0.18798728 0.260365034
25 -0.705 0.0744844281 -0.07793697729 0.1524214054
26 -0.694 0.07668182411 0.02856131403 0.04812051008
27 -0.683 0.07897506165 0.1046402833 0.02566522163
28 -0.672 0.08136961333 0.1431631558 0.0617935425
29 -0.661 0.08387133299 0.1499754646 0.06610413164
30 -0.65 0.08648648649 0.1368692388 0.0503827523
31 -0.639 0.08922178528 0.1160832952 0.02686150991
32 -0.628 0.092084423 0.09700200984 0.004917586841
33 -0.617 0.09508211529 0.08491796123 0.01016415407
34 -0.606 0.09822314334 0.08130229036 0.01692085297
35 -0.595 0.1015164012 0.0849084027 0.01660799854
36 -0.584 0.1049714478 0.09311605432 0.01185539344
37 -0.573 0.1085985627 0.1031031542 0.005495408474
38 -0.562 0.1124088084 0.112632731 0.0002239226913
39 -0.551 0.1164140966 0.1204116972 0.003997600639
40 -0.54 0.1206272618 0.1260922513 0.005464989574
41 -0.529 0.1250621403 0.1300426697 0.00498052946
42 -0.518 0.1297336568 0.1330217608 0.003288104003
43 -0.507 0.1346579184 0.1358664922 0.00120857379
44 -0.496 0.139852316 0.1392620519 0.0005902640327
45 -0.485 0.1453356345 0.143621822 0.001713812458
46 -0.474 0.1511281718 0.1490708042 0.002057367611
47 -0.463 0.1572518664 0.1555045292 0.001747337184
48 -0.452 0.1637304342 0.1626869223 0.001043511928
49 -0.441 0.1705895147 0.1703527045 0.0002368102266
50 -0.43 0.1778568253 0.1782889498 0.0004321245463
51 -0.419 0.1855623234 0.1863823959 0.0008200725058
52 -0.408 0.1937383757 0.1946306272 0.0008922515411
53 -0.397 0.2024199303 0.2031239998 0.0007040695071
54 -0.386 0.2116446909 0.2120100672 0.0003653762668
55 -0.375 0.2214532872 0.2214532872 0
56 -0.364 0.2318894351 0.2316007277 0.0002887073928
57 -0.353 0.243000079 0.2425605584 0.0004395205359
58 -0.342 0.2548355037 0.2543956046 0.0004398991225
59 -0.331 0.2674494019 0.2671302466 0.0003191552923
60 -0.32 0.2808988764 0.2807662141 0.0001326623174
61 -0.309 0.2952443516 0.2953016513 5.729964435E-05
62 -0.298 0.3105493618 0.3107481543 0.0001987924579
63 -0.287 0.3268801739 0.3271419177 0.0002617437921
64 -0.276 0.3443051921 0.3445471587 0.0002419665333
65 -0.265 0.3628940803 0.3630520552 0.0001579749167
66 -0.254 0.3827165219 0.3827590788 4.255694002E-05
67 -0.243 0.4038405234 0.4037725277 6.799565547E-05
68 -0.232 0.4263301501 0.4261861796 0.0001439704388
69 -0.221 0.4502425682 0.4500733716 0.0001691965383
70 -0.21 0.4756242568 0.4754807171 0.0001435397577
71 -0.199 0.5025062499 0.502425394 8.085593117E-05
72 -0.188 0.5308982799 0.5308948081 3.471805323E-06
73 -0.177 0.5607817297 0.5608467026 6.497285436E-05
74 -0.166 0.5921013678 0.592207616 0.0001062482566
75 -0.155 0.6247559547 0.6248680042 0.0001120495304
76 -0.144 0.6585879874 0.6586732504 8.526299687E-05
77 -0.133 0.6933730867 0.6934109898 3.790305585E-05
78 -0.122 0.7288098535 0.7287964262 1.342734246E-05
79 -0.111 0.7645113817 0.7644583443 5.303739805E-05
80 -0.1 0.8 0.7999291173 7.088271406E-05
81 -0.089 0.8347071221 0.8346420154 6.510675484E-05
82 -0.078 0.8679802101 0.8679385095 4.170059746E-05
83 -0.067 0.8990986536 0.8990871007 1.155291935E-05
84 -0.056 0.9272997033 0.9273136589 1.395561549E-05
85 -0.045 0.9518143962 0.9518415585 2.716233877E-05
86 -0.034 0.9719117504 0.9719383276 2.657718705E-05
87 -0.023 0.9869476178 0.9869643248 1.670700281E-05
88 -0.012 0.9964129135 0.9964183355 5.421968588E-06
89 -0.001 0.9999750006 0.9999750407 4.007377086E-08
90 0.01 0.9975062344 0.9975100732 3.838766064E-06
91 0.021 0.9890952251 0.9891097401 1.451498407E-05
92 0.032 0.9750390016 0.9750642677 2.526617551E-05
93 0.043 0.9558173433 0.9558453634 2.802006545E-05
94 0.054 0.9320533134 0.9320707178 1.740433519E-05
95 0.065 0.9044657999 0.9044595247 6.275205153E-06
96 0.076 0.8738203425 0.873783976 3.636655285E-05
97 0.087 0.8408837688 0.8408218838 6.188507408E-05
98 0.098 0.8063865817 0.8063150743 7.150746942E-05
99 0.109 0.770995162 0.7709370915 5.807045929E-05
100 0.12 0.7352941176 0.7352722251 2.189259372E-05
101 0.131 0.6997778205 0.6998061825 2.836197563E-05
102 0.142 0.6648494116 0.6649271371 7.772547363E-05
103 0.153 0.6308252772 0.6309346286 0.0001093514587
104 0.164 0.5979430758 0.5980530785 0.0001100026331
105 0.175 0.5663716814 0.5664465722 7.489078167E-05
106 0.186 0.5362217813 0.5362320592 1.027789456E-05
107 0.197 0.5075562436 0.507489082 6.716153468E-05
108 0.208 0.4803996925 0.4802653769 0.0001343156833
109 0.219 0.4547469901 0.454578918 0.0001680721299
110 0.23 0.4305705059 0.4304179569 0.000152548996
111 0.241 0.4078261845 0.4077411216 8.506288529E-05
112 0.252 0.3864584944 0.3864795793 2.108494876E-05
113 0.263 0.3664043822 0.3665426288 0.0001382465771
114 0.274 0.3475963711 0.347827012 0.0002306408796
115 0.285 0.3299649412 0.3302289645 0.0002640232251
116 0.296 0.313440321 0.313656868 0.0002165470698
117 0.307 0.2979538023 0.29804165 8.784777706E-05
118 0.318 0.283438678 0.2833420419 9.66361061E-05
119 0.329 0.2698308835 0.2695425898 0.0002882937295
120 0.34 0.2570694087 0.2566438386 0.0004255701554
121 0.351 0.2450965374 0.2446461342 0.0004504032393
122 0.362 0.2338579547 0.2335305617 0.0003273929807
123 0.373 0.2233027595 0.2232421302 6.062924423E-05
124 0.384 0.2133834073 0.2136808689 0.0002974615718
125 0.395 0.2040556052 0.2047056192 0.0006500140832
126 0.406 0.1952781738 0.1961528449 0.0008746711711
127 0.417 0.1870128899 0.1878689742 0.000856084372
128 0.428 0.1792243172 0.179750302 0.0005259848015
129 0.439 0.1718796327 0.1717803465 9.928620504E-05
130 0.45 0.1649484536 0.1640520597 0.000896393954
131 0.461 0.1584026675 0.1567626717 0.001639995779
132 0.472 0.1522162689 0.1501731124 0.002043156456
133 0.483 0.1463652031 0.1445320439 0.001833159214
134 0.494 0.1408272191 0.1399756956 0.0008515234659
135 0.505 0.1355817304 0.1364268102 0.0008450798049
136 0.516 0.130609686 0.1335258734 0.002916187338
137 0.527 0.1258934501 0.1306314678 0.004738017728
138 0.538 0.1214166899 0.1269202011 0.005503511171
139 0.549 0.1171642731 0.1215975658 0.004433292693
140 0.56 0.1131221719 0.1141992043 0.001077032385
141 0.571 0.109277376 0.1049211398 0.004356236237
142 0.582 0.1056178114 0.09487609098 0.01074172041
143 0.593 0.1021322664 0.08614420668 0.01598805971
144 0.604 0.0988103237 0.08148692939 0.01732339431
145 0.615 0.09564229781 0.08363880507 0.01200349273
146 0.626 0.09261917773 0.09419541391 0.001576236184
147 0.637 0.08973257449 0.1122758911 0.02254331664
148 0.648 0.08697467298 0.1333359136 0.04636124059
149 0.659 0.0843381877 0.1486960119 0.06435782417
150 0.67 0.08181632236 0.1464564956 0.06464017323
151 0.681 0.07940273265 0.1143963418 0.0349936092
152 0.692 0.07709149218 0.04509384032 0.03199765187
153 0.703 0.07487706123 -0.05721940371 0.1320964649
154 0.714 0.07275425794 -0.1696613427 0.2424156006
155 0.725 0.07071823204 -0.2464985977 0.3172168297
156 0.736 0.06876444053 -0.2219439981 0.2907084386
157 0.747 0.06688862542 -0.02473302567 0.0916216511
158 0.758 0.06508679324 0.3917211583 0.3266343651
159 0.769 0.06335519616 1.003400669 0.940045473
160 0.78 0.06169031462 1.661041738 1.599351423
161 0.791 0.06008884135 2.045213162 1.985124321
162 0.802 0.05854766658 1.664206689 1.605659023
163 0.813 0.05706386445 -0.05755951506 0.1146233795
164 0.824 0.05563468043 -3.545621877 3.601256557
165 0.835 0.05425751975 -8.65371276 8.707970279
166 0.846 0.05292993664 -14.06350464 14.11643458
167 0.857 0.05164962444 -16.63027079 16.68192042
168 0.868 0.05041440642 -11.00215402 11.05256843
169 0.879 0.04922222728 9.855615623 9.806393396
170 0.89 0.0480711453 52.2240641 52.17599296
171 0.901 0.04695932501 115.945089 115.8981296
172 0.912 0.04588503047 184.1732971 184.1274121
173 0.923 0.04484661896 208.2673399 208.2224933
174 0.934 0.04384253515 90.7693545 90.72551197
175 0.945 0.0428713057 -322.8715481 322.9144194
176 0.956 0.04193153419 -1217.158446 1217.200378
177 0.967 0.04102189646 -2686.574311 2686.615333
178 0.978 0.04014113624 -4409.509591 4409.549732
179 0.989 0.03928806105 -4905.407848 4905.447136
180 1 0.03846153846 0.03846221184 6.733820415E-07


