# Numero de nodos n =4 
0 -0.98 -1 -0.81938176 0.18061824
1 -0.969 -1 -0.7250866921 0.2749133079
2 -0.958 -1 -0.6342660259 0.3657339741
3 -0.947 -1 -0.5468376866 0.4531623134
4 -0.936 -1 -0.4627205366 0.5372794634
5 -0.925 -1 -0.381834375 0.618165625
6 -0.914 -1 -0.3040999382 0.6959000618
7 -0.903 -1 -0.2294388994 0.7705611006
8 -0.892 -1 -0.1577738691 0.8422261309
9 -0.881 -1 -0.08902839446 0.9109716055
10 -0.87 -1 -0.02312696 0.97687304
11 -0.859 -1 0.0400050129 1.040005013
12 -0.848 -1 0.1004411658 1.100441166
13 -0.837 -1 0.1582542033 1.158254203
14 -0.826 -1 0.2135158929 1.213515893
15 -0.815 -1 0.266297065 1.266297065
16 -0.804 -1 0.3166676132 1.316667613
17 -0.793 -1 0.3646964939 1.364696494
18 -0.782 -1 0.4104517265 1.410451726
19 -0.771 -1 0.4540003934 1.454000393
20 -0.76 -1 0.49540864 1.49540864
21 -0.749 -1 0.5347416747 1.534741675
22 -0.738 -1 0.5720637687 1.572063769
23 -0.727 -1 0.6074382564 1.607438256
24 -0.716 -1 0.6409275351 1.640927535
25 -0.705 -1 0.672593065 1.672593065
26 -0.694 1 0.7024953693 0.2975046307
27 -0.683 1 0.7306940343 0.2693059657
28 -0.672 1 0.7572477092 0.2427522908
29 -0.661 1 0.782214106 0.217785894
30 -0.65 1 0.80565 0.19435
31 -0.639 1 0.8276112292 0.1723887708
32 -0.628 1 0.8481526948 0.1518473052
33 -0.617 1 0.8673283607 0.1326716393
34 -0.606 1 0.8851912541 0.1148087459
35 -0.595 1 0.901793465 0.098206535
36 -0.584 1 0.9171861463 0.0828138537
37 -0.573 1 0.931419514 0.06858048598
38 -0.562 1 0.9445428471 0.0554571529
39 -0.551 1 0.9566044875 0.04339551254
40 -0.54 1 0.96765184 0.03234816
41 -0.529 1 0.9777313726 0.02226862742
42 -0.518 1 0.9868886161 0.01311138394
43 -0.507 1 0.9951681643 0.004831835736
44 -0.496 1 1.002613674 0.002613673984
45 -0.485 1 1.009267865 0.009267865
46 -0.474 1 1.01517252 0.01517252006
47 -0.463 1 1.020368485 0.0203684849
48 -0.452 1 1.024895668 0.02489566822
49 -0.441 1 1.028793042 0.0287930417
50 -0.43 1 1.03209864 0.03209864
51 -0.419 1 1.034849561 0.03484956074
52 -0.408 1 1.037081965 0.03708196454
53 -0.397 1 1.038831075 0.03883107498
54 -0.386 1 1.040131179 0.04013117862
55 -0.375 1 1.041015625 0.041015625
56 -0.364 1 1.041516827 0.04151682662
57 -0.353 1 1.041666259 0.04166625898
58 -0.342 1 1.041494461 0.04149446054
59 -0.331 1 1.041031033 0.04103103274
60 -0.32 1 1.04030464 0.04030464
61 -0.309 1 1.03934301 0.0393430097
62 -0.298 1 1.038172932 0.03817293222
63 -0.287 1 1.036820261 0.0368202609
64 -0.276 1 1.035309912 0.03530991206
65 -0.265 1 1.033665865 0.033665865
66 -0.254 1 1.031911162 0.03191116198
67 -0.243 1 1.030067908 0.03006790826
68 -0.232 1 1.028157272 0.02815727206
69 -0.221 1 1.026199485 0.02619948458
70 -0.21 1 1.02421384 0.02421384
71 -0.199 1 1.022218695 0.02221869546
72 -0.188 1 1.020231471 0.0202314711
73 -0.177 1 1.01826865 0.01826865002
74 -0.166 1 1.016345778 0.0163457783
75 -0.155 1 1.014477465 0.014477465
76 -0.144 1 1.012677382 0.01267738214
77 -0.133 1 1.010958265 0.01095826474
78 -0.122 1 1.009331911 0.009331910784
79 -0.111 1 1.007809181 0.007809181224
80 -0.1 1 1.0064 0.0064
81 -0.089 1 1.005113354 0.005113354024
82 -0.078 1 1.003957293 0.003957293184
83 -0.067 1 1.00293893 0.002938930344
84 -0.056 1 1.002064441 0.002064441344
85 -0.045 1 1.001339065 0.001339065
86 -0.034 1 1.000767103 0.000767103104
87 -0.023 1 1.00035192 0.000351920424
88 -0.012 1 1.000095945 9.5944704E-05
89 -0.001 1 1.000000667 6.666640002E-07
90 0.01 1 1.00006664 6.664E-05
91 0.021 1 1.000293481 0.000293481384
92 0.032 1 1.00067987 0.000679870464
93 0.043 1 1.00122355 0.001223549864
94 0.054 1 1.001921325 0.001921325184
95 0.065 1 1.002769065 0.002769065
96 0.076 1 1.003761701 0.003761700864
97 0.087 1 1.004893227 0.004893227304
98 0.098 1 1.006156702 0.006156701824
99 0.109 1 1.007544245 0.007544244904
100 0.12 1 1.00904704 0.00904704
101 0.131 1 1.010655334 0.01065533354
102 0.142 1 1.012358435 0.01235843494
103 0.153 1 1.014144717 0.01414471658
104 0.164 1 1.016001614 0.01600161382
105 0.175 1 1.017915625 0.017915625
106 0.186 1 1.019872311 0.01987231142
107 0.197 1 1.021856297 0.02185629738
108 0.208 1 1.02385127 0.02385127014
109 0.219 1 1.02583998 0.02583997994
110 0.23 1 1.02780424 0.02780424
111 0.241 1 1.029724927 0.0297249265
112 0.252 1 1.031581979 0.03158197862
113 0.263 1 1.033354399 0.0333543985
114 0.274 1 1.035020251 0.03502025126
115 0.285 1 1.036556665 0.036556665
116 0.296 1 1.037939831 0.03793983078
117 0.307 1 1.039145003 0.03914500266
118 0.318 1 1.040146498 0.04014649766
119 0.329 1 1.040917696 0.04091769578
120 0.34 1 1.04143104 0.04143104
121 0.351 1 1.041658036 0.04165803626
122 0.362 1 1.041569254 0.0415692535
123 0.373 1 1.041134324 0.04113432362
124 0.384 1 1.040321942 0.0403219415
125 0.395 1 1.039099865 0.039099865
126 0.406 1 1.037434915 0.03743491494
127 0.417 1 1.035292975 0.03529297514
128 0.428 1 1.032638992 0.03263899238
129 0.439 1 1.029436976 0.02943697642
130 0.45 1 1.02565 0.02565
131 0.461 1 1.021240199 0.02124019882
132 0.472 1 1.016168772 0.01616877158
133 0.483 1 1.01039598 0.01039597994
134 0.494 1 1.003881149 0.003881148544
135 0.505 1 0.996582665 0.003417335
136 0.516 1 0.9884579799 0.0115420201
137 0.527 1 0.9794636068 0.02053639318
138 0.538 1 0.9695551223 0.0304448777
139 0.549 1 0.9586871659 0.04131283414
140 0.56 1 0.94681344 0.05318656
141 0.571 1 0.9338867102 0.06611328982
142 0.582 1 0.9198588049 0.08014119514
143 0.593 1 0.9046806155 0.09531938454
144 0.604 1 0.8883020964 0.1116979036
145 0.615 1 0.870672265 0.129327735
146 0.626 1 0.8517392017 0.1482607983
147 0.637 1 0.8314500497 0.1685499503
148 0.648 1 0.8097510154 0.1902489846
149 0.659 1 0.7865873681 0.2134126319
150 0.67 1 0.76190344 0.23809656
151 0.681 1 0.7356426263 0.2643573737
152 0.692 1 0.7077473853 0.2922526147
153 0.703 -1 0.6781592382 1.678159238
154 0.714 -1 0.646818769 1.646818769
155 0.725 -1 0.613665625 1.613665625
156 0.736 -1 0.5786385162 1.578638516
157 0.747 -1 0.5416752158 1.541675216
158 0.758 -1 0.5027125597 1.50271256
159 0.769 -1 0.4616864471 1.461686447
160 0.78 -1 0.41853184 1.41853184
161 0.791 -1 0.3731827633 1.373182763
162 0.802 -1 0.325572305 1.325572305
163 0.813 -1 0.2756326161 1.275632616
164 0.824 -1 0.2232949105 1.22329491
165 0.835 -1 0.168489465 1.168489465
166 0.846 -1 0.1111456196 1.11114562
167 0.857 -1 0.05119177706 1.051191777
168 0.868 -1 -0.01144459674 0.9885554033
169 0.879 -1 -0.07683697302 0.923163027
170 0.89 -1 -0.14505976 0.85494024
171 0.901 -1 -0.2161883029 0.7838116971
172 0.912 -1 -0.2902988841 0.7097011159
173 0.923 -1 -0.3674687228 0.6325312772
174 0.934 -1 -0.4477759753 0.5522240247
175 0.945 -1 -0.531299735 0.468700265
176 0.956 -1 -0.6181200323 0.3818799677
177 0.967 -1 -0.7083178345 0.2916821655
178 0.978 -1 -0.801975046 0.198024954
179 0.989 -1 -0.8991745084 0.1008254916
180 1 -1 -1 0


# Numero de nodos n =8 
0 -0.98 -1 -1.846598763 0.8465987632
1 -0.969 -1 -2.187838481 1.187838481
2 -0.958 -1 -2.452615506 1.452615506
3 -0.947 -1 -2.649381771 1.649381771
4 -0.936 -1 -2.78594323 1.78594323
5 -0.925 -1 -2.869495527 1.869495527
6 -0.914 -1 -2.906658273 1.906658273
7 -0.903 -1 -2.903507983 1.903507983
8 -0.892 -1 -2.865609708 1.865609708
9 -0.881 -1 -2.798047376 1.798047376
10 -0.87 -1 -2.705452898 1.705452898
11 -0.859 -1 -2.592034058 1.592034058
12 -0.848 -1 -2.461601221 1.461601221
13 -0.837 -1 -2.317592883 1.317592883
14 -0.826 -1 -2.163100118 1.163100118
15 -0.815 -1 -2.000889919 1.000889919
16 -0.804 -1 -1.833427486 0.8334274858
17 -0.793 -1 -1.662897492 0.6628974919
18 -0.782 -1 -1.491224337 0.4912243374
19 -0.771 -1 -1.320091441 0.3200914407
20 -0.76 -1 -1.150959584 0.150959584
21 -0.749 -1 -0.985084346 0.01491565401
22 -0.738 -1 -0.823532647 0.176467353
23 -0.727 -1 -0.6671984353 0.3328015647
24 -0.716 -1 -0.516817542 0.483182458
25 -0.705 -1 -0.3729817293 0.6270182707
26 -0.694 1 -0.2361519599 1.23615196
27 -0.683 1 -0.1066709133 1.106670913
28 -0.672 1 0.01522522691 0.9847747731
29 -0.661 1 0.1293956884 0.8706043116
30 -0.65 1 0.235784704 0.764215296
31 -0.639 1 0.3344117599 0.6655882401
32 -0.628 1 0.4253624744 0.5746375256
33 -0.617 1 0.5087800836 0.4912199164
34 -0.606 1 0.5848575114 0.4151424886
35 -0.595 1 0.6538299998 0.3461700002
36 -0.584 1 0.7159682796 0.2840317204
37 -0.573 1 0.7715722575 0.2284277425
38 -0.562 1 0.8209651987 0.1790348013
39 -0.551 1 0.8644883852 0.1355116148
40 -0.54 1 0.9024962265 0.0975037735
41 -0.529 1 0.9353518056 0.06464819443
42 -0.518 1 0.9634228373 0.03657716267
43 -0.507 1 0.987078022 0.01292197795
44 -0.496 1 1.006683774 0.00668377366
45 -0.485 1 1.022601305 0.02260130453
46 -0.474 1 1.035184048 0.03518404829
47 -0.463 1 1.044775403 0.0447754029
48 -0.452 1 1.051706776 0.05170677622
49 -0.441 1 1.056295917 0.05629591712
50 -0.43 1 1.058845515 0.05884551535
51 -0.419 1 1.059642054 0.05964205364
52 -0.408 1 1.058954896 0.0589548963
53 -0.397 1 1.057035599 0.05703559861
54 -0.386 1 1.054117422 0.05411742183
55 -0.375 1 1.050415039 0.05041503906
56 -0.364 1 1.046124418 0.04612441762
57 -0.353 1 1.041422864 0.04142286376
58 -0.342 1 1.036469216 0.03646921639
59 -0.331 1 1.031404176 0.03140417632
60 -0.32 1 1.026350758 0.02635075833
61 -0.309 1 1.021414854 0.02141485376
62 -0.298 1 1.016685891 0.01668589127
63 -0.287 1 1.012237584 0.01223758448
64 -0.276 1 1.008128755 0.00812875502
65 -0.265 1 1.00440422 0.00440422017
66 -0.254 1 1.001095735 0.00109573474
67 -0.243 1 0.998222977 0.001777023013
68 -0.232 1 0.995794569 0.004205431024
69 -0.221 1 0.9938091221 0.006190877913
70 -0.21 1 0.9922562988 0.007743701225
71 -0.199 1 0.9911178821 0.008882117904
72 -0.188 1 0.9903688449 0.009631155098
73 -0.177 1 0.989978411 0.01002158901
74 -0.166 1 0.9899111009 0.01008889909
75 -0.155 1 0.9901277555 0.009872244536
76 -0.144 1 0.9905865305 0.009413469519
77 -0.133 1 0.9912438566 0.008756143427
78 -0.122 1 0.9920553583 0.007944641721
79 -0.111 1 0.9929767272 0.007023272828
80 -0.1 1 0.993964544 0.006035456
81 -0.089 1 0.9949770453 0.005022954702
82 -0.078 1 0.9959748303 0.004025169694
83 -0.067 1 0.9969215044 0.003078495578
84 -0.056 1 0.9977842558 0.002215744199
85 -0.045 1 0.9985343621 0.001465637866
86 -0.034 1 0.999147625 0.0008523750062
87 -0.023 1 0.9996047296 0.0003952704426
88 -0.012 1 0.9998915279 0.0001084720972
89 -0.001 1 0.9999992445 7.555397326E-07
90 0.01 1 0.9999246026 7.53973959E-05
91 0.021 1 0.9996698718 0.0003301282437
92 0.032 1 0.9992428348 0.0007571652287
93 0.043 1 0.9986566758 0.001343324238
94 0.054 1 0.9979297889 0.002070211078
95 0.065 1 0.9970855093 0.002914490711
96 0.076 1 0.9961517668 0.003848233204
97 0.087 1 0.9951606653 0.004839334662
98 0.098 1 0.994147989 0.005852011012
99 0.109 1 0.9931526379 0.006847362124
100 0.12 1 0.9922159967 0.007784003349
101 0.131 1 0.9913812388 0.00861876116
102 0.142 1 0.9906925708 0.009307429218
103 0.153 1 0.9901944193 0.009805580736
104 0.164 1 0.9899305673 0.01006943269
105 0.175 1 0.9899432431 0.01005675694
106 0.186 1 0.9902721669 0.009727833083
107 0.197 1 0.9909535627 0.009046437254
108 0.208 1 0.9920191391 0.007980860887
109 0.219 1 0.993495047 0.006504952977
110 0.23 1 0.995400821 0.00459917897
111 0.241 1 0.9977483109 0.002251689054
112 0.252 1 1.000540612 0.0005406117785
113 0.263 1 1.003771 0.003770999945
114 0.274 1 1.007421884 0.007421884158
115 0.285 1 1.01146378 0.01146377982
116 0.296 1 1.015854316 0.0158543161
117 0.307 1 1.020537285 0.02053728539
118 0.318 1 1.025441745 0.02544174496
119 0.329 1 1.030481181 0.03048118137
120 0.34 1 1.035552748 0.03555274836
121 0.351 1 1.040536589 0.04053658938
122 0.362 1 1.045295256 0.04529525628
123 0.373 1 1.049673236 0.04967323626
124 0.384 1 1.053496599 0.0534965993
125 0.395 1 1.056572779 0.05657277889
126 0.406 1 1.058690499 0.05869049917
127 0.417 1 1.059619862 0.05961986202
128 0.428 1 1.059112608 0.05911260807
129 0.439 1 1.056902566 0.05690256587
130 0.45 1 1.052706304 0.052706304
131 0.461 1 1.046224001 0.04622400122
132 0.472 1 1.03714055 0.03714055014
133 0.483 1 1.02512691 0.02512691031
134 0.494 1 1.009841727 0.00984172702
135 0.505 1 0.9909332325 0.009066767476
136 0.516 1 0.9680414467 0.0319585533
137 0.527 1 0.9408006947 0.05919930533
138 0.538 1 0.9088424592 0.0911575408
139 0.549 1 0.8717985862 0.1282014138
140 0.56 1 0.8293048618 0.1706951382
141 0.571 1 0.7810049805 0.2189950195
142 0.582 1 0.7265549229 0.2734450771
143 0.593 1 0.6656277642 0.3343722358
144 0.604 1 0.5979189322 0.4020810678
145 0.615 1 0.5231519367 0.4768480633
146 0.626 1 0.4410845906 0.5589154094
147 0.637 1 0.3515157437 0.6484842563
148 0.648 1 0.2542925528 0.7457074472
149 0.659 1 0.1493183076 0.8506816924
150 0.67 1 0.03656083768 0.9634391623
151 0.681 1 -0.08393847888 1.083938479
152 0.692 1 -0.2120550797 1.21205508
153 0.703 -1 -0.3475709329 0.6524290671
154 0.714 -1 -0.4901635778 0.5098364222
155 0.725 -1 -0.6393944669 0.3606055331
156 0.736 -1 -0.7946965844 0.2053034156
157 0.747 -1 -0.9553613152 0.04463868477
158 0.758 -1 -1.120524541 0.1205245406
159 0.769 -1 -1.289151932 0.2891519317
160 0.78 -1 -1.460023417 0.4600234166
161 0.791 -1 -1.631716793 0.6317167929
162 0.802 -1 -1.802590459 0.8025904589
163 0.813 -1 -1.970765236 0.9707652359
164 0.824 -1 -2.134105252 1.134105252
165 0.835 -1 -2.290197863 1.290197863
166 0.846 -1 -2.436332573 1.436332573
167 0.857 -1 -2.569478941 1.569478941
168 0.868 -1 -2.68626342 1.68626342
169 0.879 -1 -2.782945127 1.782945127
170 0.89 -1 -2.855390489 1.855390489
171 0.901 -1 -2.899046748 1.899046748
172 0.912 -1 -2.908914288 1.908914288
173 0.923 -1 -2.879517757 1.879517757
174 0.934 -1 -2.804875947 1.804875947
175 0.945 -1 -2.678470403 1.678470403
176 0.956 -1 -2.493212726 1.493212726
177 0.967 -1 -2.241410535 1.241410535
178 0.978 -1 -1.914732068 0.9147320679
179 0.989 -1 -1.504169361 0.5041693606
180 1 -1 -1 0


# Numero de nodos n =16 
0 -0.98 -1 9.66976072 10.66976072
1 -0.969 -1 11.31870288 12.31870288
2 -0.958 -1 11.21398675 12.21398675
3 -0.947 -1 10.03527725 11.03527725
4 -0.936 -1 8.276317119 9.276317119
5 -0.925 -1 6.285599799 7.285599799
6 -0.914 -1 4.299598726 5.299598726
7 -0.903 -1 2.469713772 3.469713772
8 -0.892 -1 0.8839404666 1.883940467
9 -0.881 -1 -0.4158697543 0.5841302457
10 -0.87 -1 -1.420411376 0.4204113757
11 -0.859 -1 -2.142348802 1.142348802
12 -0.848 -1 -2.608216571 1.608216571
13 -0.837 -1 -2.85233215 1.85233215
14 -0.826 -1 -2.912329585 1.912329585
15 -0.815 -1 -2.825984802 1.825984802
16 -0.804 -1 -2.629057607 1.629057607
17 -0.793 -1 -2.353922285 1.353922285
18 -0.782 -1 -2.028798943 1.028798943
19 -0.771 -1 -1.677432264 0.6774322643
20 -0.76 -1 -1.319093665 0.3190936645
21 -0.749 -1 -0.9688077475 0.03119225249
22 -0.738 -1 -0.6377248705 0.3622751295
23 -0.727 -1 -0.333579153 0.666420847
24 -0.716 -1 -0.06118578142 0.9388142186
25 -0.705 -1 0.1770565835 1.177056584
26 -0.694 1 0.3806827612 0.6193172388
27 -0.683 1 0.5507139943 0.4492860057
28 -0.672 1 0.6892572909 0.3107427091
29 -0.661 1 0.7991567204 0.2008432796
30 -0.65 1 0.8836985102 0.1163014898
31 -0.639 1 0.9463690332 0.05363096684
32 -0.628 1 0.9906628067 0.009337193329
33 -0.617 1 1.01993629 0.0199362897
34 -0.606 1 1.03730245 0.03730244984
35 -0.595 1 1.045560658 0.04556065798
36 -0.584 1 1.047156372 0.04715637247
37 -0.573 1 1.044165214 0.04416521351
38 -0.562 1 1.03829634 0.03829634048
39 -0.551 1 1.030910475 0.03091047461
40 -0.54 1 1.023048413 0.02304841331
41 -0.529 1 1.015466425 0.01546642518
42 -0.518 1 1.008675468 0.008675467868
43 -0.507 1 1.002981713 0.002981712601
44 -0.496 1 0.9985263738 0.001473626218
45 -0.485 1 0.9953233168 0.00467668321
46 -0.474 1 0.9932933452 0.006706654819
47 -0.463 1 0.9922944446 0.007705555357
48 -0.452 1 0.9921475836 0.007852416365
49 -0.441 1 0.9926579397 0.007342060273
50 -0.43 1 0.993631638 0.006368362045
51 -0.419 1 0.9948882563 0.005111743737
52 -0.408 1 0.9962694771 0.003730522912
53 -0.397 1 0.9976443481 0.00235565188
54 -0.386 1 0.9989116641 0.001088335945
55 -0.375 1 1 0
56 -0.364 1 1.000865921 0.0008659210947
57 -0.353 1 1.001490867 0.001490866862
58 -0.342 1 1.001877168 0.001877167507
59 -0.331 1 1.002043597 0.002043597121
60 -0.32 1 1.002020809 0.002020809492
61 -0.309 1 1.001846939 0.001846939401
62 -0.298 1 1.001563589 0.001563588914
63 -0.287 1 1.001212357 0.001212356761
64 -0.276 1 1.000832011 0.0008320114689
65 -0.265 1 1.000456357 0.000456357038
66 -0.254 1 1.000112795 0.0001127947668
67 -0.243 1 0.9998215471 0.0001784529242
68 -0.232 1 0.9995954792 0.0004045208007
69 -0.221 1 0.9994404325 0.0005595675434
70 -0.21 1 0.9993559682 0.0006440317753
71 -0.199 1 0.9993364142 0.0006635857571
72 -0.188 1 0.9993721038 0.0006278962061
73 -0.177 1 0.9994507028 0.0005492971757
74 -0.166 1 0.9995585292 0.0004414707516
75 -0.155 1 0.9996817815 0.0003182184505
76 -0.144 1 0.9998076093 0.0001923906663
77 -0.133 1 0.9999249757 7.502429786E-05
78 -0.122 1 1.000025279 2.527923909E-05
79 -0.111 1 1.000102721 0.0001027211585
80 -0.1 1 1.00015442 0.0001544199298
81 -0.089 1 1.000180291 0.0001802908115
82 -0.078 1 1.000182721 0.0001827205992
83 -0.067 1 1.000166078 0.0001660781113
84 -0.056 1 1.000136108 0.0001361081919
85 -0.045 1 1.000099261 9.926115417E-05
86 -0.034 1 1.000062011 6.201060311E-05
87 -0.023 1 1.000030211 3.021056848E-05
88 -0.012 1 1.000008538 8.538084645E-06
89 -0.001 1 1.00000006 6.011397113E-08
90 0.01 1 1.000005954 5.954447789E-06
91 0.021 1 1.000025403 2.540344528E-05
92 0.032 1 1.000055668 5.566775003E-05
93 0.043 1 1.000092335 9.233503159E-05
94 0.054 1 1.000129727 0.0001297269727
95 0.065 1 1.000161437 0.000161436727
96 0.076 1 1.00018096 0.0001809595002
97 0.087 1 1.000182371 0.0001823712629
98 0.098 1 1.000161005 0.0001610053384
99 0.109 1 1.000114074 0.0001140740711
100 0.12 1 1.000041183 4.118323675E-05
101 0.131 1 0.9999446904 5.530957312E-05
102 0.142 1 0.9998298653 0.000170134659
103 0.153 1 0.9997048196 0.0002951803879
104 0.164 1 0.9995801862 0.00041981379
105 0.175 1 0.9994685432 0.0005314567722
106 0.186 1 0.9993835933 0.0006164066573
107 0.197 1 0.9993391279 0.0006608720926
108 0.208 1 0.9993478226 0.0006521774356
109 0.219 1 0.9994199287 0.0005800713064
110 0.23 1 0.9995619409 0.0004380590774
111 0.241 1 0.9997753344 0.0002246656329
112 0.252 1 1.000055475 5.547517677E-05
113 0.263 1 1.000390813 0.000390813422
114 0.274 1 1.000762467 0.0007624673336
115 0.285 1 1.001144302 0.001144301654
116 0.296 1 1.00150359 0.001503589587
117 0.307 1 1.001802327 0.001802327086
118 0.318 1 1.00199924 0.001999239661
119 0.329 1 1.002052486 0.002052485555
120 0.34 1 1.001923015 0.001923015182
121 0.351 1 1.001578496 0.001578496119
122 0.362 1 1.000997656 0.0009976562954
123 0.373 1 1.000174837 0.0001748372758
124 0.384 1 0.9991244863 0.0008755137158
125 0.395 1 0.9978852526 0.002114747422
126 0.406 1 0.9965232935 0.003476706479
127 0.417 1 0.995134342 0.004865658046
128 0.428 1 0.9938440429 0.006155957105
129 0.439 1 0.9928060383 0.007193961658
130 0.45 1 0.992197269 0.007802731032
131 0.461 1 0.9922099753 0.007790024666
132 0.472 1 0.9930399244 0.006960075648
133 0.483 1 0.9948704637 0.005129536312
134 0.494 1 0.9978521234 0.002147876572
135 0.505 1 1.002077644 0.002077644411
136 0.516 1 1.007552521 0.007552521022
137 0.527 1 1.014161406 0.0141614055
138 0.538 1 1.021631034 0.02163103391
139 0.549 1 1.0294907 0.02949070014
140 0.56 1 1.037031723 0.03703172332
141 0.571 1 1.043267821 0.04326782079
142 0.582 1 1.046898807 0.04689880667
143 0.593 1 1.046280574 0.04628057415
144 0.604 1 1.039404872 0.03940487187
145 0.615 1 1.023892931 0.02389293135
146 0.626 1 0.9970075159 0.002992484095
147 0.637 1 0.9556884074 0.04431159255
148 0.648 1 0.8966166849 0.1033833151
149 0.659 1 0.8163133231 0.1836866769
150 0.67 1 0.711277591 0.288722409
151 0.681 1 0.5781703833 0.4218296167
152 0.692 1 0.4140468788 0.5859531212
153 0.703 -1 0.2166416916 1.216641692
154 0.714 -1 -0.015292161 0.984707839
155 0.725 -1 -0.2815917568 0.7184082432
156 0.736 -1 -0.5802450326 0.4197549674
157 0.747 -1 -0.9069132477 0.09308675231
158 0.758 -1 -1.25443053 0.25443053
159 0.769 -1 -1.612303413 0.6123034131
160 0.78 -1 -1.966242633 0.9662426331
161 0.791 -1 -2.297770977 1.297770977
162 0.802 -1 -2.583965005 1.583965005
163 0.813 -1 -2.797405399 1.797405399
164 0.824 -1 -2.906430976 1.906430976
165 0.835 -1 -2.875815511 1.875815511
166 0.846 -1 -2.668015028 1.668015028
167 0.857 -1 -2.245166711 1.245166711
168 0.868 -1 -1.572059764 0.5720597641
169 0.879 -1 -0.6203441285 0.3796558715
170 0.89 -1 0.6257042052 1.625704205
171 0.901 -1 2.161481579 3.161481579
172 0.912 -1 3.951968934 4.951968934
173 0.923 -1 5.918727805 6.918727805
174 0.934 -1 7.923358137 8.923358137
175 0.945 -1 9.746691515 10.74669151
176 0.956 -1 11.06287477 12.06287477
177 0.967 -1 11.40736456 12.40736456
178 0.978 -1 10.13770181 11.13770181
179 0.989 -1 6.385763847 7.385763847
180 1 -1 -1 1.77919901E-11


# Numero de nodos n =32 
0 -0.98 -1 1472.538038 1473.538038
1 -0.969 -1 977.4238269 978.4238269
2 -0.958 -1 484.8727302 485.8727302
3 -0.947 -1 154.135201 155.135201
4 -0.936 -1 -16.54221054 15.54221054
5 -0.925 -1 -76.89450311 75.89450311
6 -0.914 -1 -77.4025679 76.4025679
7 -0.903 -1 -54.21382346 53.21382346
8 -0.892 -1 -28.09334662 27.09334662
9 -0.881 -1 -8.244035146 7.244035146
10 -0.87 -1 3.195618685 4.195618685
11 -0.859 -1 7.565248649 8.565248649
12 -0.848 -1 7.346219947 8.346219947
13 -0.837 -1 4.896521662 5.896521662
14 -0.826 -1 1.931780986 2.931780986
15 -0.815 -1 -0.5533891126 0.4466108874
16 -0.804 -1 -2.152456698 1.152456698
17 -0.793 -1 -2.848677598 1.848677598
18 -0.782 -1 -2.830751245 1.830751245
19 -0.771 -1 -2.355515712 1.355515712
20 -0.76 -1 -1.663079417 0.6630794172
21 -0.749 -1 -0.9359532762 0.06404672382
22 -0.738 -1 -0.2889800331 0.7110199669
23 -0.727 -1 0.2227626403 1.22276264
24 -0.716 -1 0.5881704357 1.588170436
25 -0.705 -1 0.823174158 1.823174158
26 -0.694 1 0.9563988703 0.04360112972
27 -0.683 1 1.018907668 0.01890766847
28 -0.672 1 1.038060493 0.03806049277
29 -0.661 1 1.034743979 0.03474397912
30 -0.65 1 1.022952413 0.0229524134
31 -0.639 1 1.010737397 0.010737397
32 -0.628 1 1.001741921 0.001741921214
33 -0.617 1 0.996783614 0.003216386029
34 -0.606 1 0.9951842738 0.004815726181
35 -0.595 1 0.9957247629 0.004275237102
36 -0.584 1 0.9972263264 0.002773673611
37 -0.573 1 0.9988266409 0.001173359147
38 -0.562 1 1.00004379 4.378957513E-05
39 -0.551 1 1.000718223 0.0007182233028
40 -0.54 1 1.000904504 0.0009045040987
41 -0.529 1 1.000761176 0.0007611755529
42 -0.518 1 1.00046499 0.0004649902772
43 -0.507 1 1.000158435 0.0001584353268
44 -0.496 1 0.9999281542 7.184583854E-05
45 -0.485 1 0.9998060424 0.0001939576012
46 -0.474 1 0.9997832392 0.000216760845
47 -0.463 1 0.9998284298 0.0001715702071
48 -0.452 1 0.9999044193 9.558067641E-05
49 -0.441 1 0.9999797494 2.025062653E-05
50 -0.43 1 1.000034524 3.452405366E-05
51 -0.419 1 1.00006125 6.124994936E-05
52 -0.408 1 1.000062332 6.233150212E-05
53 -0.397 1 1.000046025 4.602490092E-05
54 -0.386 1 1.000022358 2.235797036E-05
55 -0.375 1 1 1.705302566E-13
56 -0.364 1 0.9999845069 1.549308426E-05
57 -0.353 1 0.9999779056 2.20944175E-05
58 -0.342 1 0.9999792825 2.071752236E-05
59 -0.331 1 0.9999859166 1.408343058E-05
60 -0.32 1 0.9999945147 5.485313307E-06
61 -0.309 1 1.00000222 2.220076608E-06
62 -0.298 1 1.000007217 7.217469764E-06
63 -0.287 1 1.000008905 8.904998133E-06
64 -0.276 1 1.000007714 7.714157012E-06
65 -0.265 1 1.00000472 4.719605099E-06
66 -0.254 1 1.000001191 1.19149379E-06
67 -0.243 1 0.9999982158 1.784193043E-06
68 -0.232 1 0.999996459 3.541048364E-06
69 -0.221 1 0.9999960984 3.901582159E-06
70 -0.21 1 0.9999968958 3.104155227E-06
71 -0.199 1 0.9999983595 1.640543284E-06
72 -0.188 1 0.9999999339 6.61328815E-08
73 -0.177 1 1.000001163 1.16258355E-06
74 -0.166 1 1.000001788 1.787651917E-06
75 -0.155 1 1.000001775 1.774821005E-06
76 -0.144 1 1.000001273 1.273246772E-06
77 -0.133 1 1.000000535 5.345665006E-07
78 -0.122 1 0.9999998209 1.791396534E-07
79 -0.111 1 0.9999993283 6.716571345E-07
80 -0.1 1 0.9999991458 8.541938664E-07
81 -0.089 1 0.999999251 7.490318372E-07
82 -0.078 1 0.9999995401 4.598567765E-07
83 -0.067 1 0.9999998772 1.227612551E-07
84 -0.056 1 1.000000143 1.432285572E-07
85 -0.045 1 1.000000271 2.71157266E-07
86 -0.034 1 1.000000259 2.593089912E-07
87 -0.023 1 1.00000016 1.603662234E-07
88 -0.012 1 1.000000052 5.163783334E-08
89 -0.001 1 1 1.618045697E-10
90 0.01 1 1.000000037 3.696908246E-08
91 0.021 1 1.000000139 1.392601507E-07
92 0.032 1 1.000000246 2.461816777E-07
93 0.043 1 1.000000279 2.788395435E-07
94 0.054 1 1.000000179 1.790580686E-07
95 0.065 1 0.9999999346 6.542572817E-08
96 0.076 1 0.9999996019 3.981225375E-07
97 0.087 1 0.9999992935 7.065263378E-07
98 0.098 1 0.9999991463 8.536522739E-07
99 0.109 1 0.9999992719 7.280851162E-07
100 0.12 1 0.9999997109 2.891185593E-07
101 0.131 1 1.000000395 3.951328928E-07
102 0.142 1 1.000001149 1.148580068E-06
103 0.153 1 1.000001715 1.715335904E-06
104 0.164 1 1.000001831 1.830788919E-06
105 0.175 1 1.00000133 1.329750152E-06
106 0.186 1 1.000000193 1.933484384E-07
107 0.197 1 0.9999986541 1.345941459E-06
108 0.208 1 0.9999971337 2.866271125E-06
109 0.219 1 0.9999961713 3.828679775E-06
110 0.23 1 0.9999962892 3.710816481E-06
111 0.241 1 0.9999977991 2.200908891E-06
112 0.252 1 1.000000603 6.033810733E-07
113 0.263 1 1.000004071 4.0708772E-06
114 0.274 1 1.000007282 7.282245674E-06
115 0.285 1 1.000008889 8.888916569E-06
116 0.296 1 1.000007794 7.794283614E-06
117 0.307 1 1.000003425 3.42516566E-06
118 0.318 1 0.9999960953 3.904693244E-06
119 0.329 1 0.9999874245 1.257549558E-05
120 0.34 1 0.9999801913 1.980865216E-05
121 0.351 1 0.9999776488 2.235118074E-05
122 0.362 1 0.9999826775 1.732245783E-05
123 0.373 1 0.9999966439 3.356080906E-06
124 0.384 1 1.000018 1.799989328E-05
125 0.395 1 1.000042037 4.203696489E-05
126 0.406 1 1.000060479 6.047868721E-05
127 0.417 1 1.000063175 6.317536981E-05
128 0.428 1 1.000041699 4.169884611E-05
129 0.439 1 0.9999917484 8.251593931E-06
130 0.45 1 0.9999191351 8.086493227E-05
131 0.461 1 0.9998411972 0.0001588027991
132 0.472 1 0.999787593 0.0002124069612
133 0.483 1 0.9997955833 0.000204416678
134 0.494 1 0.9998982419 0.0001017580678
135 0.505 1 1.0001099 0.0001098997154
136 0.516 1 1.000407493 0.0004074927104
137 0.527 1 1.000714637 0.0007146369023
138 0.538 1 1.000898174 0.0008981741445
139 0.549 1 1.000784409 0.0007844085926
140 0.56 1 1.000208972 0.0002089723388
141 0.571 1 0.999083751 0.0009162490069
142 0.582 1 0.9975305216 0.002469478389
143 0.593 1 0.9959573086 0.004042691401
144 0.604 1 0.9951594055 0.004840594499
145 0.615 1 0.9962778209 0.003722179112
146 0.626 1 1.000547453 0.000547453352
147 0.637 1 1.0088134 0.008813400202
148 0.648 1 1.020612379 0.02061237913
149 0.659 1 1.032925317 0.03292531685
150 0.67 1 1.038633993 0.03863399321
151 0.681 1 1.024913993 0.02491399295
152 0.692 1 0.9721554178 0.02784458221
153 0.703 -1 0.8540515249 1.854051525
154 0.714 -1 0.6398664731 1.639866473
155 0.725 -1 0.2998921219 1.299892122
156 0.736 -1 -0.1850491105 0.8149508895
157 0.747 -1 -0.8100366462 0.1899633538
158 0.758 -1 -1.529183556 0.5291835565
159 0.769 -1 -2.239535117 1.239535117
160 0.78 -1 -2.770738393 1.770738393
161 0.791 -1 -2.891283714 1.891283714
162 0.802 -1 -2.34243993 1.34243993
163 0.813 -1 -0.9145163829 0.08548361706
164 0.824 -1 1.425657025 2.425657025
165 0.835 -1 4.357466501 5.357466501
166 0.846 -1 7.006658557 8.006658557
167 0.857 -1 7.791405391 8.791405391
168 0.868 -1 4.448590371 5.448590371
169 0.879 -1 -5.548441442 4.548441442
170 0.89 -1 -23.88533317 22.88533317
171 0.901 -1 -49.2862991 48.2862991
172 0.912 -1 -74.15181578 73.15181578
173 0.923 -1 -80.15868408 79.15868408
174 0.934 -1 -34.10597773 33.10597773
175 0.945 -1 112.4164042 113.4164042
176 0.956 -1 411.5155569 412.5155569
177 0.967 -1 879.5406123 880.5406123
178 0.978 -1 1399.517245 1400.517245
179 0.989 -1 1511.613451 1512.613451
180 1 -1 -1.000082228 8.222811448E-05


