# Numero de nodos n =4+1 
# [k],[x_k],[f(x_k)],[P_f(x_k)],[|f(x_k)-P_f(x_k)|] 
0 -0.989 0.03928806105 -0.01145689443 0.05074495547
1 -0.978 0.04014113624 -0.05770131878 0.09784245501
2 -0.967 0.04102189646 -0.1003759021 0.1413977986
3 -0.956 0.04193153419 -0.1395836469 0.1815151811
4 -0.945 0.0428713057 -0.1754263905 0.2182976962
5 -0.934 0.04384253515 -0.2080048053 0.2518473404
6 -0.923 0.04484661896 -0.2374183984 0.2822650174
7 -0.912 0.04588503047 -0.2637655121 0.3096505426
8 -0.901 0.04695932501 -0.2871433236 0.3341026486
9 -0.89 0.0480711453 -0.3076478448 0.3557189901
10 -0.879 0.04922222728 -0.3253739228 0.3745961501
11 -0.868 0.05041440642 -0.3404152395 0.3908296459
12 -0.857 0.05164962444 -0.3528643117 0.4045139361
13 -0.846 0.05292993664 -0.3628124912 0.4157424278
14 -0.835 0.05425751975 -0.3703499648 0.4246074845
15 -0.824 0.05563468043 -0.3755657541 0.4312004345
16 -0.813 0.05706386445 -0.3785477156 0.4356115801
17 -0.802 0.05854766658 -0.3793825411 0.4379302076
18 -0.791 0.06008884135 -0.3781557568 0.4382445981
19 -0.78 0.06169031462 -0.3749517241 0.4366420388
20 -0.769 0.06335519616 -0.3698536395 0.4332088357
21 -0.758 0.06508679324 -0.3629435342 0.4280303274
22 -0.747 0.06688862542 -0.3543022743 0.4211908997
23 -0.736 0.06876444053 -0.344009561 0.4127740015
24 -0.725 0.07071823204 -0.3321439303 0.4028621623
25 -0.714 0.07275425794 -0.3187827533 0.3915370112
26 -0.703 0.07487706123 -0.3040022358 0.378879297
27 -0.692 0.07709149218 -0.2878774188 0.364968911
28 -0.681 0.07940273265 -0.270482178 0.3498849106
29 -0.67 0.08181632236 -0.2518892241 0.3337055465
30 -0.659 0.0843381877 -0.2321701029 0.3165082906
31 -0.648 0.08697467298 -0.2113951949 0.2983698679
32 -0.637 0.08973257449 -0.1896337156 0.2793662901
33 -0.626 0.09261917773 -0.1669537156 0.2595728933
34 -0.615 0.09564229781 -0.1434220802 0.239064378
35 -0.604 0.0988103237 -0.1191045297 0.2179148534
36 -0.593 0.1021322664 -0.09406561936 0.1961978858
37 -0.582 0.1056178114 -0.06836873947 0.1739865509
38 -0.571 0.109277376 -0.04207611512 0.1513534911
39 -0.56 0.1131221719 -0.01524880637 0.1283709783
40 -0.549 0.1171642731 0.01205329178 0.1051109813
41 -0.538 0.1214166899 0.03977144939 0.08164524055
42 -0.527 0.1258934501 0.06784810159 0.05804534848
43 -0.516 0.130609686 0.09622684859 0.03438283742
44 -0.505 0.1355817304 0.1248524557 0.01072927471
45 -0.494 0.1408272191 0.1536708531 0.01284363402
46 -0.483 0.1463652031 0.1826291363 0.03626393321
47 -0.472 0.1522162689 0.2116755658 0.05945929696
48 -0.461 0.1584026675 0.2407595671 0.08235689961
49 -0.45 0.1649484536 0.2698317308 0.1048832772
50 -0.439 0.1718796327 0.2988438125 0.1269641798
51 -0.428 0.1792243172 0.3277487329 0.1485244158
52 -0.417 0.1870128899 0.356500578 0.1694876881
53 -0.406 0.1952781738 0.3850545985 0.1897764247
54 -0.395 0.2040556052 0.4133672103 0.2093116051
55 -0.384 0.2133834073 0.4413959945 0.2280125872
56 -0.373 0.2233027595 0.4690996971 0.2457969376
57 -0.362 0.2338579547 0.4964382292 0.2625802746
58 -0.351 0.2450965374 0.5233726671 0.2782761297
59 -0.34 0.2570694087 0.549865252 0.2927958432
60 -0.329 0.2698308835 0.5758793902 0.3060485067
61 -0.318 0.283438678 0.6013796531 0.3179409751
62 -0.307 0.2979538023 0.6263317772 0.3283779749
63 -0.296 0.313440321 0.650702664 0.337262343
64 -0.285 0.3299649412 0.6744603801 0.3444954388
65 -0.274 0.3475963711 0.6975741571 0.349977786
66 -0.263 0.3664043822 0.7200143918 0.3536100096
67 -0.252 0.3864584944 0.7417526459 0.3552941516
68 -0.241 0.4078261845 0.7627616464 0.3549354619
69 -0.23 0.4305705059 0.7830152851 0.3524447792
70 -0.219 0.4547469901 0.8024886191 0.347741629
71 -0.208 0.4803996925 0.8211578703 0.3407581778
72 -0.197 0.5075562436 0.839000426 0.3314441824
73 -0.186 0.5362217813 0.8559948382 0.3197730569
74 -0.175 0.5663716814 0.8721208244 0.3057491429
75 -0.164 0.5979430758 0.8873592666 0.2894161908
76 -0.153 0.6308252772 0.9016922125 0.2708669353
77 -0.142 0.6648494116 0.9151028743 0.2502534627
78 -0.131 0.6997778205 0.9275756297 0.2277978092
79 -0.12 0.7352941176 0.9390960212 0.2038019036
80 -0.109 0.770995162 0.9496507565 0.1786555945
81 -0.098 0.8063865817 0.9592277083 0.1528411265
82 -0.087 0.8408837688 0.9678159143 0.1269321455
83 -0.076 0.8738203425 0.9754055775 0.101585235
84 -0.065 0.9044657999 0.9819880657 0.07752226585
85 -0.054 0.9320533134 0.987555912 0.05550259854
86 -0.043 0.9558173433 0.9921028143 0.03628547102
87 -0.032 0.9750390016 0.9956236359 0.0205846343
88 -0.021 0.9890952251 0.9981144048 0.009019179635
89 -0.01 0.9975062344 0.9995723143 0.00206607991
90 0.001 0.9999750006 0.9999957228 2.072219E-05
91 0.012 0.9964129135 0.9993841536 0.002971240123
92 0.023 0.9869476178 0.9977382952 0.01079067747
93 0.034 0.9719117504 0.9950600011 0.0231482507
94 0.045 0.9518143962 0.9913522899 0.03953789368
95 0.056 0.9272997033 0.9866193451 0.05931964188
96 0.067 0.8990986536 0.9808665157 0.08176786205
97 0.078 0.8679802101 0.9741003152 0.1061201051
98 0.089 0.8347071221 0.9663284225 0.1316213004
99 0.1 0.8 0.9575596817 0.1575596817
100 0.111 0.7645113817 0.9478041016 0.1832927199
101 0.122 0.7288098535 0.9370728563 0.2082630028
102 0.133 0.6933730867 0.9253782849 0.2320051982
103 0.144 0.6585879874 0.9127338916 0.2541459042
104 0.155 0.6247559547 0.8991543456 0.2743983909
105 0.166 0.5921013678 0.8846554812 0.2925541135
106 0.177 0.5607817297 0.8692542979 0.3084725682
107 0.188 0.5308982799 0.85296896 0.3220706801
108 0.199 0.5025062499 0.8358187971 0.3333125472
109 0.21 0.4756242568 0.8178243037 0.3422000469
110 0.221 0.4502425682 0.7990071395 0.3487645713
111 0.232 0.4263301501 0.7793901292 0.3530599792
112 0.243 0.4038405234 0.7589972626 0.3551567392
113 0.254 0.3827165219 0.7378536945 0.3551371726
114 0.265 0.3628940803 0.7159857448 0.3530916645
115 0.276 0.3443051921 0.6934208985 0.3491157063
116 0.287 0.3268801739 0.6701878056 0.3433076317
117 0.298 0.3105493618 0.6463162812 0.3357669194
118 0.309 0.2952443516 0.6218373056 0.326592954
119 0.32 0.2808988764 0.5967830239 0.3158841475
120 0.331 0.2674494019 0.5711867464 0.3037373445
121 0.342 0.2548355037 0.5450829486 0.2902474449
122 0.353 0.243000079 0.5185072708 0.2755071919
123 0.364 0.2318894351 0.4914965186 0.2596070835
124 0.375 0.2214532872 0.4640886625 0.2426353754
125 0.386 0.2116446909 0.4363228382 0.2246781474
126 0.397 0.2024199303 0.4082393464 0.2058194162
127 0.408 0.1937383757 0.3798796528 0.1861412771
128 0.419 0.1855623234 0.3512863883 0.1657240649
129 0.43 0.1778568253 0.3225033488 0.1446465236
130 0.441 0.1705895147 0.2935754952 0.1229859805
131 0.452 0.1637304342 0.2645489536 0.1008185194
132 0.463 0.1572518664 0.2354710151 0.07821914874
133 0.474 0.1511281718 0.2063901359 0.05526196406
134 0.485 0.1453356345 0.1773559371 0.0320203026
135 0.496 0.139852316 0.1484192051 0.008566889138
136 0.507 0.1346579184 0.1196318913 0.01502602714
137 0.518 0.1297336568 0.09104711199 0.03868654481
138 0.529 0.1250621403 0.06271914881 0.06234299144
139 0.54 0.1206272618 0.03470344828 0.08592381349
140 0.551 0.1164140966 0.007056622019 0.1093574746
141 0.562 0.1124088084 -0.02016355326 0.1325723616
142 0.573 0.1085985627 -0.04689813581 0.1554966985
143 0.584 0.1049714478 -0.07308701878 0.1780584665
144 0.595 0.1015164012 -0.09866893029 0.2001853315
145 0.606 0.09822314334 -0.1235814334 0.2218045767
146 0.617 0.09508211529 -0.147760926 0.2428430413
147 0.628 0.092084423 -0.1711426411 0.2632270641
148 0.639 0.08922178528 -0.1936606464 0.2828824317
149 0.65 0.08648648649 -0.2152478448 0.3017343313
150 0.661 0.08387133299 -0.235835974 0.319707307
151 0.672 0.08136961333 -0.2553556066 0.3367252199
152 0.683 0.07897506165 -0.2737361501 0.3527112118
153 0.694 0.07668182411 -0.2909058472 0.3675876713
154 0.705 0.0744844281 -0.3067917751 0.3812762032
155 0.716 0.07237775397 -0.3213198464 0.3936976003
156 0.727 0.07035700905 -0.3344148082 0.4047718173
157 0.738 0.06841770377 -0.3460002429 0.4144179467
158 0.749 0.06655562969 -0.3559985676 0.4225541973
159 0.76 0.06476683938 -0.3643310345 0.4290978739
160 0.771 0.06304762775 -0.3709177305 0.4339653583
161 0.782 0.06139451501 -0.3756775777 0.4370720927
162 0.793 0.05980423085 -0.3785283329 0.4383325637
163 0.804 0.05827369991 -0.379386588 0.4376602879
164 0.815 0.0568000284 -0.3781677698 0.4349677982
165 0.826 0.05538049167 -0.37478614 0.4301666317
166 0.837 0.0540125228 -0.3691547952 0.423167318
167 0.848 0.05269370205 -0.3611856671 0.4138793691
168 0.859 0.05142174703 -0.350789522 0.402211269
169 0.87 0.0501945037 -0.3378759615 0.3880704652
170 0.881 0.04900993799 -0.322353422 0.37136336
171 0.892 0.04786612801 -0.3041291747 0.3519953028
172 0.903 0.0467612569 -0.283109326 0.3298705829
173 0.914 0.04569360609 -0.2591988169 0.304892423
174 0.925 0.0446615492 -0.2323014237 0.2769629729
175 0.936 0.04366354618 -0.2023197572 0.2459833034
176 0.947 0.04269813804 -0.1691552637 0.2118534017
177 0.958 0.04176394185 -0.1327082238 0.1744721657
178 0.969 0.04085964609 -0.09287775358 0.1337373997
179 0.98 0.0399840064 -0.04956180371 0.08954581011
180 0.991 0.03913584148 -0.002657159944 0.04179300143


# Numero de nodos n =8+1 
# [k],[x_k],[f(x_k)],[P_f(x_k)],[|f(x_k)-P_f(x_k)|] 
0 -0.989 0.03928806105 -0.2734099989 0.31269806
1 -0.978 0.04014113624 -0.5178852768 0.5580264131
2 -0.967 0.04102189646 -0.7033697559 0.7443916523
3 -0.956 0.04193153419 -0.8375572242 0.8794887584
4 -0.945 0.0428713057 -0.9274716548 0.9703429605
5 -0.934 0.04384253515 -0.9795074004 1.023349936
6 -0.923 0.04484661896 -0.9994677673 1.044314386
7 -0.912 0.04588503047 -0.9926020076 1.038487038
8 -0.901 0.04695932501 -0.9636407698 1.010600095
9 -0.89 0.0480711453 -0.9168300471 0.9649011924
10 -0.879 0.04922222728 -0.8559636614 0.9051858887
11 -0.868 0.05041440642 -0.784414322 0.8348287284
12 -0.857 0.05164962444 -0.7051632964 0.7568129209
13 -0.846 0.05292993664 -0.6208287309 0.6737586676
14 -0.835 0.05425751975 -0.5336926567 0.5879501765
15 -0.824 0.05563468043 -0.4457267199 0.5013614003
16 -0.813 0.05706386445 -0.3586166688 0.4156805333
17 -0.802 0.05854766658 -0.2737856369 0.3323333035
18 -0.791 0.06008884135 -0.1924162533 0.2525050946
19 -0.78 0.06169031462 -0.115471618 0.1771619326
20 -0.769 0.06335519616 -0.04371517444 0.1070703706
21 -0.758 0.06508679324 0.02227048704 0.0428163062
22 -0.747 0.06688862542 0.08206586063 0.01517723521
23 -0.736 0.06876444053 0.1353977599 0.06663331934
24 -0.725 0.07071823204 0.182123523 0.1114052909
25 -0.714 0.07275425794 0.2222161572 0.1494618992
26 -0.703 0.07487706123 0.2557503907 0.1808733295
27 -0.692 0.07709149218 0.2828896018 0.2057981096
28 -0.681 0.07940273265 0.3038735936 0.2244708609
29 -0.67 0.08181632236 0.3190071866 0.2371908643
30 -0.659 0.0843381877 0.3286495978 0.2443114101
31 -0.648 0.08697467298 0.3332045778 0.2462299048
32 -0.637 0.08973257449 0.3331112781 0.2433787036
33 -0.626 0.09261917773 0.3288358198 0.2362166421
34 -0.615 0.09564229781 0.320863537 0.2252212391
35 -0.604 0.0988103237 0.3096918662 0.2108815425
36 -0.593 0.1021322664 0.2958238572 0.1936915909
37 -0.582 0.1056178114 0.2797622777 0.1741444663
38 -0.571 0.109277376 0.2620042858 0.1527269097
39 -0.56 0.1131221719 0.2430366473 0.1299144753
40 -0.549 0.1171642731 0.2233314698 0.1061671967
41 -0.538 0.1214166899 0.2033424323 0.08192574238
42 -0.527 0.1258934501 0.1835014841 0.05760803403
43 -0.516 0.130609686 0.1642159912 0.03360630514
44 -0.505 0.1355817304 0.1458663063 0.01028457597
45 -0.494 0.1408272191 0.1288037411 0.01202347799
46 -0.483 0.1463652031 0.1133489167 0.0330162864
47 -0.472 0.1522162689 0.09979047362 0.05242579525
48 -0.461 0.1584026675 0.08838411728 0.07001855022
49 -0.45 0.1649484536 0.07935198088 0.08559647273
50 -0.439 0.1718796327 0.07288228382 0.09899734887
51 -0.428 0.1792243172 0.06912926679 0.1100950504
52 -0.417 0.1870128899 0.06821338413 0.1187995057
53 -0.406 0.1952781738 0.07022173467 0.1250564391
54 -0.395 0.2040556052 0.07520871285 0.1288468923
55 -0.384 0.2133834073 0.08319686216 0.1301865451
56 -0.373 0.2233027595 0.09417791374 0.1291248457
57 -0.362 0.2338579547 0.108113993 0.1257439617
58 -0.351 0.2450965374 0.124938978 0.1201575594
59 -0.34 0.2570694087 0.1445599939 0.1125094148
60 -0.329 0.2698308835 0.1668590268 0.1029718567
61 -0.318 0.283438678 0.1916946439 0.09174403418
62 -0.307 0.2979538023 0.2189038034 0.07904999886
63 -0.296 0.313440321 0.2483037416 0.06513657937
64 -0.285 0.3299649412 0.2796939222 0.05027101901
65 -0.274 0.3475963711 0.3128580359 0.03473833515
66 -0.263 0.3664043822 0.3475660367 0.01883834549
67 -0.252 0.3864584944 0.3835762027 0.002882291621
68 -0.241 0.4078261845 0.4206372105 0.01281102604
69 -0.23 0.4305705059 0.4584902104 0.0279197045
70 -0.219 0.4547469901 0.496870893 0.04212390283
71 -0.208 0.4803996925 0.5355115355 0.055111843
72 -0.197 0.5075562436 0.5741430195 0.06658677589
73 -0.186 0.5362217813 0.612496808 0.07627502664
74 -0.175 0.5663716814 0.6503068762 0.08393519477
75 -0.164 0.5979430758 0.6873115845 0.08936850866
76 -0.153 0.6308252772 0.7232554871 0.09243020988
77 -0.142 0.6648494116 0.7578910683 0.09304165673
78 -0.131 0.6997778205 0.7909803999 0.09120257931
79 -0.12 0.7352941176 0.822296711 0.08700259331
80 -0.109 0.770995162 0.8516258672 0.08063070524
81 -0.098 0.8063865817 0.8787677508 0.07238116906
82 -0.087 0.8408837688 0.903537537 0.06265376818
83 -0.076 0.8738203425 0.9257668633 0.05194652077
84 -0.065 0.9044657999 0.9453048849 0.04083908505
85 -0.054 0.9320533134 0.9620192146 0.0299659012
86 -0.043 0.9558173433 0.9757967421 0.01997939878
87 -0.032 0.9750390016 0.9865443305 0.01150532891
88 -0.021 0.9890952251 0.9941893877 0.005094162562
89 -0.01 0.9975062344 0.9986803101 0.001174075701
90 0.001 0.9999750006 0.999986797 1.179640184E-05
91 0.012 0.9964129135 0.9981000352 0.001687121717
92 0.023 0.9869476178 0.9930327526 0.006085134814
93 0.034 0.9719117504 0.9848191405 0.01290739013
94 0.045 0.9518143962 0.9735146461 0.0217002499
95 0.056 0.9272997033 0.9591956335 0.03189593022
96 0.067 0.8990986536 0.9419589172 0.04286026364
97 0.078 0.8679802101 0.9219211681 0.053940958
98 0.089 0.8347071221 0.8992181936 0.06451107147
99 0.1 0.8 0.874004097 0.07400409703
100 0.111 0.7645113817 0.8464503159 0.08193893426
101 0.122 0.7288098535 0.8167445456 0.08793469213
102 0.133 0.6933730867 0.7850895506 0.09171646388
103 0.144 0.6585879874 0.7517018684 0.093113881
104 0.155 0.6247559547 0.716810411 0.09205445625
105 0.166 0.5921013678 0.6806549695 0.0885536017
106 0.177 0.5607817297 0.6434846269 0.0827028972
107 0.188 0.5308982799 0.6055560867 0.07465780681
108 0.199 0.5025062499 0.5671319222 0.06462567232
109 0.21 0.4756242568 0.5284787562 0.05285449941
110 0.221 0.4502425682 0.4898653763 0.03962280816
111 0.232 0.4263301501 0.4515607958 0.02523064572
112 0.243 0.4038405234 0.4138322677 0.009991744278
113 0.254 0.3827165219 0.3769432616 0.005773260222
114 0.265 0.3628940803 0.3411514131 0.02174266715
115 0.276 0.3443051921 0.3067064543 0.03759873779
116 0.287 0.3268801739 0.2738481382 0.0530320357
117 0.298 0.3105493618 0.2428041659 0.06774519587
118 0.309 0.2952443516 0.2137881296 0.081456222
119 0.32 0.2808988764 0.1869974815 0.09390139493
120 0.331 0.2674494019 0.1626115429 0.104837859
121 0.342 0.2548355037 0.140789565 0.1140459387
122 0.353 0.243000079 0.1216688548 0.1213312242
123 0.364 0.2318894351 0.1053629803 0.1265264548
124 0.375 0.2214532872 0.09196006918 0.129493218
125 0.386 0.2116446909 0.08152121477 0.1301234761
126 0.397 0.2024199303 0.07407900559 0.1283409247
127 0.408 0.1937383757 0.06963619334 0.1241021824
128 0.419 0.1855623234 0.06816451547 0.117397808
129 0.43 0.1778568253 0.06960368909 0.1082531362
130 0.441 0.1705895147 0.07386059293 0.09672892178
131 0.452 0.1637304342 0.080808655 0.08292177921
132 0.463 0.1572518664 0.09028746368 0.0669644027
133 0.474 0.1511281718 0.1021026208 0.04902555105
134 0.485 0.1453356345 0.1160258552 0.02930977929
135 0.496 0.139852316 0.1317954169 0.00805689908
136 0.507 0.1346579184 0.1491167702 0.0144588518
137 0.518 0.1297336568 0.1676636076 0.03792995081
138 0.529 0.1250621403 0.1870792039 0.06201706369
139 0.54 0.1206272618 0.2069781325 0.08635087075
140 0.551 0.1164140966 0.2269483648 0.1105342682
141 0.562 0.1124088084 0.2465537756 0.1341449672
142 0.573 0.1085985627 0.2653370763 0.1567385136
143 0.584 0.1049714478 0.2828231996 0.1778517518
144 0.595 0.1015164012 0.298523158 0.1970067568
145 0.606 0.09822314334 0.311938402 0.2137152587
146 0.617 0.09508211529 0.3225657003 0.227483585
147 0.628 0.092084423 0.329902568 0.237818145
148 0.639 0.08922178528 0.3334532684 0.2442314831
149 0.65 0.08648648649 0.3327354135 0.246248927
150 0.661 0.08387133299 0.3272871892 0.2434158562
151 0.672 0.08136961333 0.3166752332 0.2353056199
152 0.683 0.07897506165 0.3005031917 0.22152813
153 0.694 0.07668182411 0.2784209826 0.2017391585
154 0.705 0.0744844281 0.2501347941 0.175650366
155 0.716 0.07237775397 0.2154178462 0.1430400922
156 0.727 0.07035700905 0.1741219454 0.1037649364
157 0.738 0.06841770377 0.1261898606 0.05777215687
158 0.749 0.06655562969 0.07166855172 0.005112922031
159 0.76 0.06476683938 0.01072328016 0.05404355922
160 0.771 0.06304762775 -0.05634736689 0.1193949946
161 0.782 0.06139451501 -0.1290955079 0.1904900229
162 0.793 0.05980423085 -0.2069070215 0.2667112523
163 0.804 0.05827369991 -0.2889835927 0.3472572926
164 0.815 0.0568000284 -0.3743237171 0.4311237455
165 0.826 0.05538049167 -0.4617026304 0.5170831221
166 0.837 0.0540125228 -0.5496511296 0.6036636524
167 0.848 0.05269370205 -0.6364332513 0.6891269534
168 0.859 0.05142174703 -0.7200227733 0.7714445204
169 0.87 0.0501945037 -0.7980785031 0.8482730068
170 0.881 0.04900993799 -0.8679183193 0.9169282573
171 0.892 0.04786612801 -0.9264919286 0.9743580566
172 0.903 0.0467612569 -0.9703523029 1.01711356
173 0.914 0.04569360609 -0.9956257586 1.041319365
174 0.925 0.0446615492 -0.9979806422 1.042642191
175 0.936 0.04366354618 -0.972594582 1.016258128
176 0.947 0.04269813804 -0.9141202702 0.9568184083
177 0.958 0.04176394185 -0.816649735 0.8584136769
178 0.969 0.04085964609 -0.6736770633 0.7145367094
179 0.98 0.0399840064 -0.4780595354 0.5180435418
180 0.991 0.03913584148 -0.2219771307 0.2611129722


# Numero de nodos n =16+1 
# [k],[x_k],[f(x_k)],[P_f(x_k)],[|f(x_k)-P_f(x_k)|] 
0 -0.989 0.03928806105 -8.988523325 9.027811386
1 -0.978 0.04014113624 -13.23182369 13.27196482
2 -0.967 0.04102189646 -14.35282939 14.39385129
3 -0.956 0.04193153419 -13.56199779 13.60392933
4 -0.945 0.0428713057 -11.71992773 11.76279903
5 -0.934 0.04384253515 -9.419296432 9.463138967
6 -0.923 0.04484661896 -7.050747628 7.095594247
7 -0.912 0.04588503047 -4.855393511 4.901278542
8 -0.901 0.04695932501 -2.966218081 3.013177406
9 -0.89 0.0480711453 -1.440338558 1.488409703
10 -0.879 0.04922222728 -0.2837913817 0.3330136089
11 -0.868 0.05041440642 0.5297447763 0.4793303699
12 -0.857 0.05164962444 1.045098165 0.9934485409
13 -0.846 0.05292993664 1.31562705 1.262697113
14 -0.835 0.05425751975 1.396285291 1.342027771
15 -0.824 0.05563468043 1.33904275 1.28340807
16 -0.813 0.05706386445 1.19009625 1.133032385
17 -0.802 0.05854766658 0.9884122559 0.9298645893
18 -0.791 0.06008884135 0.7652319979 0.7051431565
19 -0.78 0.06169031462 0.5442453633 0.4825550487
20 -0.769 0.06335519616 0.3422033828 0.2788481866
21 -0.758 0.06508679324 0.169791958 0.1047051648
22 -0.747 0.06688862542 0.03263314722 0.0342554782
23 -0.736 0.06876444053 -0.06768396257 0.1364484031
24 -0.725 0.07071823204 -0.1326118683 0.2033301003
25 -0.714 0.07275425794 -0.1657387379 0.2384929959
26 -0.703 0.07487706123 -0.1719958159 0.2468728771
27 -0.692 0.07709149218 -0.1569919979 0.2340834901
28 -0.681 0.07940273265 -0.1264789072 0.2058816399
29 -0.67 0.08181632236 -0.08594215046 0.1677584728
30 -0.659 0.0843381877 -0.04030913148 0.1246473192
31 -0.648 0.08697467298 0.006239607288 0.08073506569
32 -0.637 0.08973257449 0.05037044365 0.03936213084
33 -0.626 0.09261917773 0.08962378863 0.002995389095
34 -0.615 0.09564229781 0.1223837399 0.02674144205
35 -0.604 0.0988103237 0.147804941 0.04899461732
36 -0.593 0.1021322664 0.1657100358 0.06357776941
37 -0.582 0.1056178114 0.1764695343 0.0708517229
38 -0.571 0.109277376 0.1808741787 0.07159680271
39 -0.56 0.1131221719 0.1800081089 0.06688593696
40 -0.549 0.1171642731 0.1751293669 0.05796509385
41 -0.538 0.1214166899 0.1675626111 0.04614592113
42 -0.527 0.1258934501 0.1586073698 0.03271391968
43 -0.516 0.130609686 0.1494637959 0.01885410984
44 -0.505 0.1355817304 0.1411766906 0.00559496022
45 -0.494 0.1408272191 0.1345975696 0.006229649516
46 -0.483 0.1463652031 0.1303637378 0.01600146537
47 -0.472 0.1522162689 0.1288927207 0.02332354818
48 -0.461 0.1584026675 0.1303899559 0.02801271165
49 -0.45 0.1649484536 0.134867365 0.03008108864
50 -0.439 0.1718796327 0.1421702886 0.02970934411
51 -0.428 0.1792243172 0.1520102503 0.02721406685
52 -0.417 0.1870128899 0.1640011089 0.02301178095
53 -0.406 0.1952781738 0.1776963338 0.01758183992
54 -0.395 0.2040556052 0.1926253826 0.01143022251
55 -0.384 0.2133834073 0.2083274511 0.005055956244
56 -0.373 0.2233027595 0.224381189 0.0010784295
57 -0.362 0.2338579547 0.2404293137 0.006571359009
58 -0.351 0.2450965374 0.2561973925 0.01110085506
59 -0.34 0.2570694087 0.2715063949 0.01443698616
60 -0.329 0.2698308835 0.2862789257 0.01644804222
61 -0.318 0.283438678 0.3005393276 0.01710064958
62 -0.307 0.2979538023 0.3144080896 0.01645428733
63 -0.296 0.313440321 0.3280912004 0.01465087944
64 -0.285 0.3299649412 0.3418652499 0.01190030864
65 -0.274 0.3475963711 0.3560591985 0.008462827456
66 -0.263 0.3664043822 0.3710338113 0.004629429057
67 -0.252 0.3864584944 0.3871597817 0.0007012872974
68 -0.241 0.4078261845 0.4047955678 0.003030616686
69 -0.23 0.4305705059 0.4242659138 0.006304592071
70 -0.219 0.4547469901 0.4458419573 0.008905032838
71 -0.208 0.4803996925 0.4697237169 0.01067597567
72 -0.197 0.5075562436 0.4960256306 0.01153061294
73 -0.186 0.5362217813 0.5247656712 0.01145611012
74 -0.175 0.5663716814 0.5558584112 0.01051327026
75 -0.164 0.5979430758 0.5891122524 0.0088308234
76 -0.153 0.6308252772 0.6242308737 0.006594403438
77 -0.142 0.6648494116 0.6608187954 0.0040306162
78 -0.131 0.6997778205 0.6983908147 0.001387005817
79 -0.12 0.7352941176 0.7363849331 0.001090815477
80 -0.109 0.770995162 0.774178281 0.003183118952
81 -0.098 0.8063865817 0.8111054499 0.004718868161
82 -0.087 0.8408837688 0.8464785695 0.005594800661
83 -0.076 0.8738203425 0.8796084147 0.005788072113
84 -0.065 0.9044657999 0.9098258044 0.00536000454
85 -0.054 0.9320533134 0.9365025525 0.004449239079
86 -0.043 0.9558173433 0.9590712516 0.003253908313
87 -0.032 0.9750390016 0.9770432199 0.002004218356
88 -0.021 0.9890952251 0.9900240049 0.0009287797153
89 -0.01 0.9975062344 0.997725924 0.0002196895826
90 0.001 0.9999750006 0.9999772244 2.223799555E-06
91 0.012 0.9964129135 0.9967275559 0.0003146424253
92 0.023 0.9869476178 0.9880495761 0.001101958394
93 0.034 0.9719117504 0.9741366343 0.002224883918
94 0.045 0.9518143962 0.9552966108 0.003482214598
95 0.056 0.9272997033 0.9319421165 0.004642413221
96 0.067 0.8990986536 0.9045773791 0.005478725545
97 0.078 0.8679802101 0.873782254 0.005802043999
98 0.089 0.8347071221 0.8401938961 0.005486773929
99 0.1 0.8 0.8044867117 0.004486711701
100 0.111 0.7645113817 0.7673512728 0.002839891152
101 0.122 0.7288098535 0.7294729153 0.0006630618311
102 0.133 0.6933730867 0.6915107648 0.001862321946
103 0.144 0.6585879874 0.6540779248 0.004510062562
104 0.155 0.6247559547 0.6177235351 0.007032419625
105 0.166 0.5921013678 0.5829173503 0.009184017495
106 0.177 0.5607817297 0.5500374139 0.01074431581
107 0.188 0.5308982799 0.5193613025 0.01153697741
108 0.199 0.5025062499 0.4910612948 0.01144495513
109 0.21 0.4756242568 0.4652036885 0.0104205683
110 0.221 0.4502425682 0.4417523366 0.00849023159
111 0.232 0.4263301501 0.4205763205 0.005753829597
112 0.243 0.4038405234 0.4014615178 0.002379005547
113 0.254 0.3827165219 0.3841256625 0.001409140633
114 0.265 0.3628940803 0.3682363432 0.005342262883
115 0.276 0.3443051921 0.353431247 0.009126054849
116 0.287 0.3268801739 0.339339832 0.0124596581
117 0.298 0.3105493618 0.3256055136 0.01505615176
118 0.309 0.2952443516 0.3119073782 0.0166630266
119 0.32 0.2808988764 0.2979804013 0.01708152491
120 0.331 0.2674494019 0.2836331443 0.01618374236
121 0.342 0.2548355037 0.2687619456 0.01392644194
122 0.353 0.243000079 0.253360704 0.01036062498
123 0.364 0.2318894351 0.2375254765 0.005636041348
124 0.375 0.2214532872 0.2214532872 4.996003611E-16
125 0.386 0.2116446909 0.2054347517 0.006209939229
126 0.397 0.2024199303 0.1898403762 0.01257955403
127 0.408 0.1937383757 0.1751006764 0.01863769925
128 0.419 0.1855623234 0.1616805718 0.0238817516
129 0.43 0.1778568253 0.150048847 0.02780797824
130 0.441 0.1705895147 0.1406438096 0.0299457051
131 0.452 0.1637304342 0.1338366117 0.02989382248
132 0.463 0.1572518664 0.1298940205 0.02735784584
133 0.474 0.1511281718 0.1289427075 0.02218546429
134 0.485 0.1453356345 0.1309373586 0.01439827593
135 0.496 0.139852316 0.1356350704 0.004217245548
136 0.507 0.1346579184 0.1425785717 0.007920653261
137 0.518 0.1297336568 0.1510907716 0.02135711478
138 0.529 0.1250621403 0.1602829758 0.03522083559
139 0.54 0.1206272618 0.1690787969 0.04845153511
140 0.551 0.1164140966 0.1762553125 0.05984121587
141 0.562 0.1124088084 0.1805023732 0.06809356487
142 0.573 0.1085985627 0.18050012 0.07190155729
143 0.584 0.1049714478 0.1750137386 0.07004229081
144 0.595 0.1015164012 0.1630032569 0.06148685565
145 0.606 0.09822314334 0.1437447839 0.04552164061
146 0.617 0.09508211529 0.1169580271 0.02187591181
147 0.628 0.092084423 0.08293323233 0.009151190669
148 0.639 0.08922178528 0.04264892233 0.04657286295
149 0.65 0.08648648649 -0.002129975969 0.08861646246
150 0.661 0.08387133299 -0.04878573357 0.1326570666
151 0.672 0.08136961333 -0.09382679801 0.1751964113
152 0.683 0.07897506165 -0.1329270024 0.211902064
153 0.694 0.07668182411 -0.1610405769 0.237722401
154 0.705 0.0744844281 -0.1726085584 0.2470929865
155 0.716 0.07237775397 -0.1618712775 0.2342490314
156 0.727 0.07035700905 -0.1232994562 0.1936564652
157 0.738 0.06841770377 -0.05215272831 0.1205704321
158 0.749 0.06655562969 0.05483129964 0.01172433005
159 0.76 0.06476683938 0.1986224598 0.1338556204
160 0.771 0.06304762775 0.3769740264 0.3139263986
161 0.782 0.06139451501 0.5834201226 0.5220256076
162 0.793 0.05980423085 0.8062443269 0.746440096
163 0.804 0.05827369991 1.027493342 0.9692196426
164 0.815 0.0568000284 1.222139659 1.16533963
165 0.826 0.05538049167 1.3575342 1.302153708
166 0.837 0.0540125228 1.393335195 1.339322672
167 0.848 0.05269370205 1.28215416 1.229460458
168 0.859 0.05142174703 0.9712254515 0.9198037045
169 0.87 0.0501945037 0.4054838671 0.3552893634
170 0.881 0.04900993799 -0.4674729419 0.5164828799
171 0.892 0.04786612801 -1.689951949 1.737818077
172 0.903 0.0467612569 -3.2835499 3.330311157
173 0.914 0.04569360609 -5.23449615 5.280189756
174 0.925 0.0446615492 -7.473921949 7.518583498
175 0.936 0.04366354618 -9.851827327 9.895490873
176 0.947 0.04269813804 -12.10328946 12.1459876
177 0.958 0.04176394185 -13.80519608 13.84696002
178 0.969 0.04085964609 -14.32149015 14.3623498
179 0.98 0.0399840064 -12.73457366 12.77455767
180 0.991 0.03913584148 -7.760134223 7.799270065


# Numero de nodos n =32+1 
# [k],[x_k],[f(x_k)],[P_f(x_k)],[|f(x_k)-P_f(x_k)|] 
0 -0.989 0.03928806105 -4905.407849 4905.447137
1 -0.978 0.04014113624 -4409.509592 4409.549733
2 -0.967 0.04102189646 -2686.574311 2686.615333
3 -0.956 0.04193153419 -1217.158447 1217.200379
4 -0.945 0.0428713057 -322.8715475 322.9144188
5 -0.934 0.04384253515 90.76935544 90.72551291
6 -0.923 0.04484661896 208.26734 208.2224934
7 -0.912 0.04588503047 184.173297 184.127412
8 -0.901 0.04695932501 115.9450889 115.8981295
9 -0.89 0.0480711453 52.22406407 52.17599292
10 -0.879 0.04922222728 9.855615716 9.806393489
11 -0.868 0.05041440642 -11.0021539 11.05256831
12 -0.857 0.05164962444 -16.63027081 16.68192043
13 -0.846 0.05292993664 -14.06350457 14.11643451
14 -0.835 0.05425751975 -8.653712715 8.707970235
15 -0.824 0.05563468043 -3.545621846 3.601256527
16 -0.813 0.05706386445 -0.05755948126 0.1146233457
17 -0.802 0.05854766658 1.664206682 1.605659016
18 -0.791 0.06008884135 2.045213141 1.9851243
19 -0.78 0.06169031462 1.661041761 1.599351447
20 -0.769 0.06335519616 1.003400681 0.9400454844
21 -0.758 0.06508679324 0.3917211476 0.3266343544
22 -0.747 0.06688862542 -0.02473301276 0.09162163819
23 -0.736 0.06876444053 -0.2219439946 0.2907084351
24 -0.725 0.07071823204 -0.2464985924 0.3172168245
25 -0.714 0.07275425794 -0.1696613393 0.2424155973
26 -0.703 0.07487706123 -0.05721939849 0.1320964597
27 -0.692 0.07709149218 0.04509384372 0.03199764846
28 -0.681 0.07940273265 0.1143963416 0.03499360892
29 -0.67 0.08181632236 0.1464564971 0.06464017478
30 -0.659 0.0843381877 0.1486960124 0.06435782471
31 -0.648 0.08697467298 0.1333359147 0.0463612417
32 -0.637 0.08973257449 0.1122758924 0.02254331793
33 -0.626 0.09261917773 0.09419541455 0.00157623682
34 -0.615 0.09564229781 0.08363880555 0.01200349225
35 -0.604 0.0988103237 0.08148693018 0.01732339352
36 -0.593 0.1021322664 0.08614420704 0.01598805935
37 -0.582 0.1056178114 0.09487609125 0.01074172014
38 -0.571 0.109277376 0.10492114 0.004356236054
39 -0.56 0.1131221719 0.1141992044 0.001077032409
40 -0.549 0.1171642731 0.1215975658 0.004433292714
41 -0.538 0.1214166899 0.1269202011 0.005503511208
42 -0.527 0.1258934501 0.1306314679 0.004738017801
43 -0.516 0.130609686 0.1335258734 0.00291618738
44 -0.505 0.1355817304 0.1364268102 0.0008450798186
45 -0.494 0.1408272191 0.1399756956 0.0008515234544
46 -0.483 0.1463652031 0.1445320439 0.001833159201
47 -0.472 0.1522162689 0.1501731124 0.002043156443
48 -0.461 0.1584026675 0.1567626717 0.001639995771
49 -0.45 0.1649484536 0.1640520597 0.0008963939497
50 -0.439 0.1718796327 0.1717803465 9.928619448E-05
51 -0.428 0.1792243172 0.179750302 0.0005259848062
52 -0.417 0.1870128899 0.1878689742 0.0008560843726
53 -0.406 0.1952781738 0.1961528449 0.000874671172
54 -0.395 0.2040556052 0.2047056192 0.0006500140848
55 -0.384 0.2133834073 0.2136808689 0.0002974615729
56 -0.373 0.2233027595 0.2232421302 6.06292435E-05
57 -0.362 0.2338579547 0.2335305617 0.0003273929797
58 -0.351 0.2450965374 0.2446461342 0.0004504032389
59 -0.34 0.2570694087 0.2566438386 0.0004255701551
60 -0.329 0.2698308835 0.2695425898 0.0002882937292
61 -0.318 0.283438678 0.2833420419 9.66361058E-05
62 -0.307 0.2979538023 0.29804165 8.784777716E-05
63 -0.296 0.313440321 0.313656868 0.00021654707
64 -0.285 0.3299649412 0.3302289645 0.0002640232252
65 -0.274 0.3475963711 0.347827012 0.0002306408796
66 -0.263 0.3664043822 0.3665426288 0.0001382465772
67 -0.252 0.3864584944 0.3864795793 2.10849488E-05
68 -0.241 0.4078261845 0.4077411216 8.506288526E-05
69 -0.23 0.4305705059 0.4304179569 0.000152548996
70 -0.219 0.4547469901 0.454578918 0.0001680721299
71 -0.208 0.4803996925 0.4802653769 0.0001343156832
72 -0.197 0.5075562436 0.507489082 6.716153467E-05
73 -0.186 0.5362217813 0.5362320592 1.027789458E-05
74 -0.175 0.5663716814 0.5664465722 7.489078168E-05
75 -0.164 0.5979430758 0.5980530785 0.0001100026331
76 -0.153 0.6308252772 0.6309346286 0.0001093514587
77 -0.142 0.6648494116 0.6649271371 7.772547363E-05
78 -0.131 0.6997778205 0.6998061825 2.836197563E-05
79 -0.12 0.7352941176 0.7352722251 2.189259372E-05
80 -0.109 0.770995162 0.7709370915 5.807045929E-05
81 -0.098 0.8063865817 0.8063150743 7.150746942E-05
82 -0.087 0.8408837688 0.8408218838 6.188507407E-05
83 -0.076 0.8738203425 0.873783976 3.636655285E-05
84 -0.065 0.9044657999 0.9044595247 6.275205153E-06
85 -0.054 0.9320533134 0.9320707178 1.740433519E-05
86 -0.043 0.9558173433 0.9558453634 2.802006545E-05
87 -0.032 0.9750390016 0.9750642677 2.526617551E-05
88 -0.021 0.9890952251 0.9891097401 1.451498407E-05
89 -0.01 0.9975062344 0.9975100732 3.838766064E-06
90 0.001 0.9999750006 0.9999750407 4.007377019E-08
91 0.012 0.9964129135 0.9964183355 5.421968589E-06
92 0.023 0.9869476178 0.9869643248 1.670700281E-05
93 0.034 0.9719117504 0.9719383276 2.657718705E-05
94 0.045 0.9518143962 0.9518415585 2.716233877E-05
95 0.056 0.9272997033 0.9273136589 1.395561548E-05
96 0.067 0.8990986536 0.8990871007 1.155291935E-05
97 0.078 0.8679802101 0.8679385095 4.170059746E-05
98 0.089 0.8347071221 0.8346420154 6.510675484E-05
99 0.1 0.8 0.7999291173 7.088271406E-05
100 0.111 0.7645113817 0.7644583443 5.303739805E-05
101 0.122 0.7288098535 0.7287964262 1.342734247E-05
102 0.133 0.6933730867 0.6934109898 3.790305585E-05
103 0.144 0.6585879874 0.6586732504 8.526299687E-05
104 0.155 0.6247559547 0.6248680042 0.0001120495304
105 0.166 0.5921013678 0.592207616 0.0001062482566
106 0.177 0.5607817297 0.5608467026 6.497285435E-05
107 0.188 0.5308982799 0.5308948081 3.47180533E-06
108 0.199 0.5025062499 0.502425394 8.085593118E-05
109 0.21 0.4756242568 0.4754807171 0.0001435397577
110 0.221 0.4502425682 0.4500733716 0.0001691965383
111 0.232 0.4263301501 0.4261861796 0.0001439704388
112 0.243 0.4038405234 0.4037725277 6.79956555E-05
113 0.254 0.3827165219 0.3827590788 4.255693998E-05
114 0.265 0.3628940803 0.3630520552 0.0001579749167
115 0.276 0.3443051921 0.3445471587 0.0002419665332
116 0.287 0.3268801739 0.3271419177 0.0002617437919
117 0.298 0.3105493618 0.3107481543 0.0001987924577
118 0.309 0.2952443516 0.2953016513 5.729964411E-05
119 0.32 0.2808988764 0.2807662141 0.0001326623176
120 0.331 0.2674494019 0.2671302466 0.0003191552926
121 0.342 0.2548355037 0.2543956046 0.0004398991229
122 0.353 0.243000079 0.2425605584 0.0004395205362
123 0.364 0.2318894351 0.2316007277 0.0002887073935
124 0.375 0.2214532872 0.2214532872 2.455535775E-13
125 0.386 0.2116446909 0.2120100672 0.0003653762658
126 0.397 0.2024199303 0.2031239998 0.0007040695047
127 0.408 0.1937383757 0.1946306272 0.0008922515385
128 0.419 0.1855623234 0.1863823959 0.0008200725022
129 0.43 0.1778568253 0.1782889498 0.0004321245456
130 0.441 0.1705895147 0.1703527045 0.0002368102287
131 0.452 0.1637304342 0.1626869223 0.001043511931
132 0.463 0.1572518664 0.1555045292 0.001747337194
133 0.474 0.1511281718 0.1490708042 0.002057367621
134 0.485 0.1453356345 0.143621822 0.001713812461
135 0.496 0.139852316 0.1392620519 0.0005902640582
136 0.507 0.1346579184 0.1358664921 0.001208573756
137 0.518 0.1297336568 0.1330217608 0.00328810398
138 0.529 0.1250621403 0.1300426696 0.004980529385
139 0.54 0.1206272618 0.1260922513 0.005464989513
140 0.551 0.1164140966 0.1204116971 0.003997600552
141 0.562 0.1124088084 0.1126327309 0.0002239225065
142 0.573 0.1085985627 0.1031031541 0.005495408616
143 0.584 0.1049714478 0.09311605404 0.01185539373
144 0.595 0.1015164012 0.08490840232 0.01660799893
145 0.606 0.09822314334 0.08130228992 0.01692085342
146 0.617 0.09508211529 0.08491796038 0.01016415491
147 0.628 0.092084423 0.0970020091 0.004917586103
148 0.639 0.08922178528 0.1160832953 0.02686151004
149 0.65 0.08648648649 0.1368692377 0.0503827512
150 0.661 0.08387133299 0.149975464 0.06610413102
151 0.672 0.08136961333 0.1431631544 0.06179354103
152 0.683 0.07897506165 0.1046402832 0.02566522156
153 0.694 0.07668182411 0.02856130911 0.048120515
154 0.705 0.0744844281 -0.07793698299 0.1524214111
155 0.716 0.07237775397 -0.1879872776 0.2603650316
156 0.727 0.07035700905 -0.2517203278 0.3220773368
157 0.738 0.06841770377 -0.2008505974 0.2692683012
158 0.749 0.06655562969 0.03413316648 0.03242246321
159 0.76 0.06476683938 0.4908008411 0.4260340017
160 0.771 0.06304762775 1.126466052 1.063418424
161 0.782 0.06139451501 1.763544329 1.702149814
162 0.793 0.05980423085 2.049495938 1.989691707
163 0.804 0.05827369991 1.467256788 1.408983088
164 0.815 0.0568000284 -0.553979091 0.6107791194
165 0.826 0.05538049167 -4.372971905 4.428352397
166 0.837 0.0540125228 -9.679154059 9.733166582
167 0.848 0.05269370205 -14.86863397 14.92132767
168 0.859 0.05142174703 -16.40766359 16.45908534
169 0.87 0.0501945037 -8.559067093 8.609261597
170 0.881 0.04900993799 15.8321422 15.78313226
171 0.892 0.04786612801 62.41741081 62.36954468
172 0.903 0.0467612569 128.9160347 128.8692734
173 0.914 0.04569360609 193.9496246 193.903931
174 0.925 0.0446615492 201.2170879 201.1724263
175 0.936 0.04366354618 42.9415029 42.89783935
176 0.947 0.04269813804 -444.6080831 444.6507812
177 0.958 0.04176394185 -1442.594008 1442.635772
178 0.969 0.04085964609 -3002.771664 3002.812524
179 0.98 0.0399840064 -4665.052238 4665.092222
180 0.991 0.03913584148 -4604.798685 4604.837821


